Date,Open,High,Low,Close,Volume,Change
2016-01-04,2829,2964,2829,2916,330291,-0.008500510030601816
2016-01-05,2882,3153,2829,2979,655674,0.021604938271605034
2016-01-06,2988,3095,2848,2931,333757,-0.01611278952668682
2016-01-07,2906,2993,2824,2848,238396,-0.028317980211531868
2016-01-08,2766,2843,2698,2781,234174,-0.0235252808988764
2016-01-11,2858,2887,2659,2684,179074,-0.03487953973390867
2016-01-12,2732,2732,2504,2548,277880,-0.05067064083457529
2016-01-13,2572,2635,2519,2611,122686,0.024725274725274637
2016-01-14,2470,2635,2436,2635,117636,0.009191880505553529
2016-01-15,2780,2809,2611,2611,213905,-0.009108159392789417
2016-01-18,2606,2741,2567,2679,177417,0.026043661432401333
2016-01-19,2674,2717,2543,2572,181165,-0.039940276222471094
2016-01-20,2615,2664,2465,2480,192987,-0.03576982892690517
2016-01-21,2446,2572,2446,2480,122641,0.0
2016-01-22,2519,2790,2441,2548,404530,0.02741935483870961
2016-01-25,2557,2664,2499,2534,215280,-0.005494505494505475
2016-01-26,2538,2586,2519,2534,119646,0.0
2016-01-27,2538,2596,2470,2471,145161,-0.024861878453038666
2016-01-28,2446,2519,2431,2437,78023,-0.013759611493322499
2016-01-29,2499,2499,2402,2427,85633,-0.004103405826836326
2016-02-01,2422,2436,2233,2233,352800,-0.07993407498969918
2016-02-02,2276,2276,2131,2190,226804,-0.019256605463502052
2016-02-03,2223,2223,2126,2161,177445,-0.01324200913242013
2016-02-04,2199,2257,2141,2257,111857,0.04442387783433599
2016-02-05,2204,2334,2204,2335,119175,0.03455914931324777
2016-02-11,2257,2330,2233,2257,87022,-0.03340471092077091
2016-02-12,2276,2276,2044,2146,160391,-0.049180327868852514
2016-02-15,2257,2257,2121,2170,130233,0.011183597390493905
2016-02-16,2179,2325,2179,2277,109922,0.04930875576036864
2016-02-17,2325,2354,2238,2238,90816,-0.017127799736495364
2016-02-18,2238,2344,2209,2325,105180,0.03887399463806962
2016-02-19,2339,2572,2301,2442,270649,0.05032258064516126
2016-02-22,2441,2456,2407,2451,74109,0.0036855036855036882
2016-02-23,2451,2562,2431,2475,112631,0.009791921664626724
2016-02-24,2519,2538,2378,2383,143518,-0.03717171717171719
2016-02-25,2378,2451,2364,2398,64135,0.00629458665547622
2016-02-26,2427,2640,2397,2534,259840,0.056713928273561365
2016-02-29,2577,2703,2538,2650,254726,0.04577742699289655
2016-03-02,2649,2746,2601,2635,278706,-0.005660377358490565
2016-03-03,2635,3211,2567,2650,1856963,0.005692599620493288
2016-03-04,2635,2785,2615,2708,428205,0.021886792452830095
2016-03-07,2795,2819,2674,2679,223173,-0.010709010339734149
2016-03-08,2693,2766,2577,2577,281455,-0.03807390817469203
2016-03-09,2582,2630,2548,2592,79804,0.005820721769499437
2016-03-10,2591,2683,2591,2645,83613,0.020447530864197594
2016-03-11,2664,2809,2615,2718,310641,0.02759924385633261
2016-03-14,2712,2717,2635,2650,163980,-0.025018395879323085
2016-03-15,2645,2707,2630,2640,140854,-0.0037735849056603765
2016-03-16,2635,2683,2567,2684,138453,0.016666666666666607
2016-03-17,2688,2727,2654,2698,173753,0.005216095380029762
2016-03-18,2727,3119,2664,2752,1053448,0.020014825796886626
2016-03-21,2751,2848,2727,2747,225413,-0.00181686046511631
2016-03-22,2761,2761,2707,2747,151805,0.0
2016-03-23,2761,2761,2703,2737,109416,-0.0036403349108118377
2016-03-24,2698,2756,2683,2752,88742,0.005480453050785483
2016-03-25,2751,2785,2707,2742,108718,-0.003633720930232509
2016-03-28,2741,2959,2707,2868,416624,0.045951859956236296
2016-03-29,2950,3022,2872,2907,382377,0.013598326359832713
2016-03-30,2911,3003,2858,2921,171917,0.004815961472308228
2016-03-31,2998,3100,2921,2945,484512,0.008216364258815556
2016-04-01,2945,2950,2819,2839,240115,-0.03599320882852297
2016-04-04,2819,2887,2761,2805,170391,-0.0119760479041916
2016-04-05,2809,2809,2722,2761,95234,-0.015686274509803977
2016-04-06,2756,2955,2674,2863,205057,0.03694313654473014
2016-04-07,2848,2872,2780,2800,103208,-0.022004889975550168
2016-04-08,2800,2800,2707,2756,161398,-0.01571428571428568
2016-04-11,2707,2756,2630,2630,272272,-0.045718432510885365
2016-04-12,2630,2630,2552,2611,245328,-0.00722433460076044
2016-04-14,2790,2945,2514,2723,839609,0.04289544235924936
2016-04-15,2722,2887,2664,2713,356123,-0.0036724201248622412
2016-04-18,2707,3361,2683,3037,3795131,0.11942499078510882
2016-04-19,3042,3100,2882,2955,1053760,-0.02700032927230822
2016-04-20,2964,3841,2935,3842,4796573,0.3001692047377327
2016-04-21,4321,4544,3744,3774,7174152,-0.017699115044247815
2016-04-22,3701,4263,3613,3817,3633020,0.011393746687864414
2016-04-25,3613,3783,3463,3614,1136428,-0.053183128111082056
2016-04-26,3633,3836,3420,3512,1567516,-0.0282235749861649
2016-04-27,3487,3662,3420,3493,621970,-0.005410022779043233
2016-04-28,3497,3555,3400,3478,380484,-0.004294302891497237
2016-04-29,3463,3478,3197,3197,487685,-0.08079355951696376
2016-05-02,3037,3274,2935,3236,445262,0.012198936502971547
2016-05-03,3226,3328,3158,3231,255062,-0.0015451174289246028
2016-05-04,3221,3303,3197,3217,226460,-0.004333023831631033
2016-05-09,3294,3434,3245,3352,288336,0.04196456325769349
2016-05-10,3386,3468,3337,3410,224797,0.017303102625298328
2016-05-11,3463,3807,3420,3532,919478,0.035777126099706846
2016-05-12,3579,3618,3492,3502,296364,-0.008493771234428071
2016-05-13,3502,3836,3454,3696,562583,0.05539691604797259
2016-05-16,3633,3793,3618,3711,752963,0.0040584415584414835
2016-05-17,3710,3754,3584,3754,492066,0.011587173268660766
2016-05-18,4020,4156,3691,3769,1624302,0.003995737879595174
2016-05-19,3681,3875,3633,3851,424827,0.021756434067391917
2016-05-20,3865,3923,3749,3924,326630,0.018956115294728626
2016-05-23,3923,4185,3841,4060,649409,0.03465851172273182
2016-05-24,4069,4141,3715,3716,482860,-0.08472906403940883
2016-05-25,3836,3904,3647,3730,373238,0.003767491926802924
2016-05-26,3633,3725,3531,3565,507985,-0.0442359249329759
2016-05-27,3672,3672,3541,3551,160694,-0.003927068723702631
2016-05-30,3536,3550,3415,3449,241910,-0.028724303013235697
2016-05-31,3449,3555,3449,3507,103833,0.016816468541606344
2016-06-01,3497,3642,3497,3604,127172,0.027658967778728227
2016-06-02,3652,3662,3570,3614,145825,0.002774694783573839
2016-06-03,3618,3701,3507,3580,151806,-0.009407858328721597
2016-06-07,3628,3628,3536,3585,61898,0.0013966480446927498
2016-06-08,3546,3865,3507,3759,298586,0.04853556485355659
2016-06-09,3735,3802,3652,3754,191994,-0.001330140994945439
2016-06-10,3749,3759,3613,3633,153784,-0.03223228556206714
2016-06-13,3599,3749,3560,3735,122298,0.02807597027250197
2016-06-14,3730,3817,3701,3745,122204,0.0026773761713521083
2016-06-15,3730,3788,3681,3725,77296,-0.005340453938584733
2016-06-16,3759,3807,3681,3716,125467,-0.002416107382550381
2016-06-17,3730,4282,3715,4055,1771736,0.09122712594187288
2016-06-20,4054,4229,3952,4186,595526,0.032305795314426566
2016-06-21,4185,4335,4069,4249,758970,0.015050167224080369
2016-06-22,4568,5348,4243,4249,4541794,0.0
2016-06-23,4122,4200,3860,3943,783057,-0.07201694516356794
2016-06-24,3972,4049,3468,3706,950879,-0.060106517879786936
2016-06-27,3555,3875,3507,3793,363996,0.023475445223961167
2016-06-28,3754,3904,3691,3880,188787,0.022936989190614376
2016-06-29,3894,4892,3894,4534,2691778,0.1685567010309279
2016-06-30,4660,5231,4553,4844,1944880,0.06837229819144253
2016-07-01,4863,5028,4689,4902,530301,0.011973575557390648
2016-07-04,5018,5910,4970,5910,3480884,0.2056303549571603
2016-07-05,6055,6220,5677,6065,1511921,0.02622673434856182
2016-07-06,6007,6326,5793,6298,1127286,0.03841714756801329
2016-07-07,6365,6472,6162,6230,642772,-0.01079707843759925
2016-07-08,6152,6375,5958,6240,506785,0.0016051364365972098
2016-07-11,6200,7208,6103,7024,974174,0.12564102564102564
2016-07-12,7024,8613,6878,7267,3332038,0.03459567198177682
2016-07-13,7169,8041,7169,7470,1456235,0.02793449841750384
2016-07-14,6975,7150,6055,6123,2592800,-0.18032128514056223
2016-07-15,5977,6685,5871,6249,1952196,0.02057814796668289
2016-07-18,6065,6491,6055,6307,497287,0.009281485037605952
2016-07-19,6307,6568,6229,6550,512999,0.03852861899476778
2016-07-20,6549,6733,6278,6288,548186,-0.040000000000000036
2016-07-21,6287,6375,6113,6201,320898,-0.013835877862595436
2016-07-22,6200,6607,6123,6317,655542,0.01870666021609413
2016-07-25,6317,7072,6317,7073,907928,0.11967706189646976
2016-07-26,7285,7654,6975,6976,1262582,-0.013714124134030836
2016-07-27,7072,7363,6801,7276,608756,0.043004587155963225
2016-07-28,7256,7479,7092,7315,400975,0.00536008796041787
2016-07-29,7431,7431,7169,7218,241240,-0.013260423786739528
2016-08-01,7092,7159,6743,7015,430912,-0.028124134109171472
2016-08-02,7082,7470,7014,7092,790271,0.010976478973627968
2016-08-03,7237,7421,7121,7199,323210,0.015087422447828569
2016-08-04,7218,7314,6723,6782,502341,-0.05792471176552294
2016-08-05,6782,6869,6491,6753,320517,-0.004276024771453835
2016-08-08,6772,6878,6510,6530,237646,-0.033022360432400366
2016-08-09,6472,6704,6355,6550,287470,0.003062787136294043
2016-08-10,6568,6762,6491,6685,177566,0.02061068702290081
2016-08-11,6743,6782,6568,6627,145431,-0.008676140613313343
2016-08-12,6704,6782,6588,6763,122137,0.02052210653387654
2016-08-16,6646,6753,6627,6637,93374,-0.018630785154517215
2016-08-17,6617,6646,6404,6404,156573,-0.03510622269097485
2016-08-18,6646,7402,6491,6734,1156592,0.051530293566520946
2016-08-19,6878,7208,6607,6976,683284,0.0359370359370359
2016-08-22,7024,7392,7024,7392,793841,0.059633027522935755
2016-08-23,7411,7867,7285,7635,1043355,0.03287337662337664
2016-08-24,7750,7750,7392,7528,312195,-0.014014407334643098
2016-08-25,7537,7537,7101,7237,254562,-0.03865568544102016
2016-08-26,7150,7528,7024,7489,291708,0.03482105844963379
2016-08-29,7537,7925,7392,7693,880116,0.027239951929496575
2016-08-30,7886,7935,7576,7596,315877,-0.01260886520213178
2016-08-31,7605,7615,7373,7509,253229,-0.011453396524486625
2016-09-01,7625,9301,7566,8933,4113223,0.18963909974697035
2016-09-02,9146,10027,9068,9582,2921897,0.07265196462554568
2016-09-05,9737,10124,9620,9786,1013896,0.02128991859737006
2016-09-06,9930,10027,9591,9979,758486,0.019722051910893157
2016-09-07,9979,12934,9834,12934,3872801,0.2961218558973846
2016-09-08,12692,15211,12207,13370,7172867,0.03370960259780431
2016-09-09,13418,14193,12934,13613,1807756,0.01817501869857896
2016-09-12,13321,13515,10948,11772,2119868,-0.13523837508264158
2016-09-13,11723,15114,11384,14533,5410994,0.2345395854570167
2016-09-19,14193,15598,13806,15066,2547486,0.036675153099841706
2016-09-20,14581,15501,14193,14678,1260022,-0.025753351918226475
2016-09-21,14629,15162,13418,14049,989335,-0.04285324976154792
2016-09-22,13806,14290,13321,14097,693597,0.003416613282084091
2016-09-23,14242,14436,13612,13952,463898,-0.010285876427608698
2016-09-26,13709,13709,12595,13128,958506,-0.05905963302752293
2016-09-27,13031,14581,12934,13370,1470230,0.01843388177940275
2016-09-28,13273,13951,12982,13274,413373,-0.00718025430067315
2016-09-29,13321,13854,13079,13855,477826,0.04376977550097938
2016-09-30,11917,13321,11529,13080,1408832,-0.05593648502345727
2016-10-04,12789,12982,11674,11869,893748,-0.0925840978593272
2016-10-05,12110,12837,12014,12305,742700,0.036734349987362025
2016-10-06,13564,13661,12256,12256,1148543,-0.003982121088988211
2016-10-07,11965,12110,10948,11433,874311,-0.06715078328981727
2016-10-10,11190,11481,10802,11336,386522,-0.008484212367707467
2016-10-11,11335,11481,10512,10658,473672,-0.059809456598447386
2016-10-12,10609,11093,10270,10948,726810,0.02720960780634263
2016-10-13,10899,11238,10512,10706,584242,-0.022104493971501604
2016-10-14,10463,10560,9630,9882,1248767,-0.07696618718475623
2016-10-17,9494,10221,9446,9786,684711,-0.00971463266545236
2016-10-18,9737,9882,8816,8817,864710,-0.09901900674432862
2016-10-19,8826,10948,8826,10561,4188788,0.19779970511511857
2016-10-20,10270,11626,10173,10851,2122894,0.027459520878704735
2016-10-21,10754,11093,10270,10948,629478,0.008939268270205414
2016-10-24,10948,11432,10027,10512,1094909,-0.039824625502374866
2016-10-25,10609,11771,10027,11675,2395996,0.11063546423135473
2016-10-26,12401,15162,11917,14921,7063989,0.27802997858672374
2016-10-27,14678,15598,13225,13516,4085396,-0.09416258963876412
2016-10-28,14048,15017,13176,14485,3738574,0.07169280852323179
2016-10-31,13757,14969,12595,13564,2345589,-0.063583016914049
2016-11-01,13854,14000,12546,12886,1265894,-0.04998525508699503
2016-11-02,12982,13612,12256,13128,1420819,0.018780071395312792
2016-11-03,13467,13564,12692,13080,585774,-0.003656307129798919
2016-11-04,12789,13273,12401,12402,654846,-0.05183486238532109
2016-11-07,12401,12837,12110,12692,453065,0.02338332527011766
2016-11-08,12692,13176,12450,12595,507712,-0.007642609517806487
2016-11-09,12498,12643,10560,12111,1280463,-0.0384279475982533
2016-11-10,12304,12692,11917,12450,514798,0.027991082486995333
2016-11-11,12353,12934,11965,12789,644551,0.02722891566265062
2016-11-14,13079,13515,12789,12886,912015,0.007584643052623408
2016-11-15,12692,13273,12110,12644,1013102,-0.018780071395312792
2016-11-16,12740,12837,12401,12450,466642,-0.015343245808288497
2016-11-17,12000,12450,11850,12050,466317,-0.032128514056224855
2016-11-18,12050,12100,11500,11500,340460,-0.0456431535269709
2016-11-21,11200,12250,11150,11550,484392,0.004347826086956497
2016-11-22,11550,11750,11450,11500,145648,-0.0043290043290042934
2016-11-23,11550,12200,11500,12050,427804,0.047826086956521685
2016-11-24,12200,12200,11600,11700,234326,-0.02904564315352698
2016-11-25,11800,11950,11400,11700,197880,0.0
2016-11-28,11850,11850,11500,11600,158007,-0.008547008547008517
2016-11-29,11250,13650,11250,12650,2969705,0.09051724137931028
2016-11-30,12350,12700,12200,12550,453802,-0.007905138339920903
2016-12-01,12400,12450,11850,11900,382252,-0.05179282868525892
2016-12-02,11700,12650,11650,12400,604146,0.04201680672268915
2016-12-05,12700,13550,12600,13400,919959,0.08064516129032251
2016-12-06,13600,13850,13150,13650,491570,0.018656716417910557
2016-12-07,13150,13350,12750,13000,439659,-0.04761904761904767
2016-12-08,12950,13800,12900,13800,621812,0.06153846153846154
2016-12-09,14200,14400,13300,13600,1124726,-0.01449275362318836
2016-12-12,13550,13600,12650,13600,999456,0.0
2016-12-13,13600,14000,13150,13200,776269,-0.02941176470588236
2016-12-14,13150,13200,12600,12750,372975,-0.03409090909090906
2016-12-15,12750,13500,12650,13000,580940,0.019607843137254832
2016-12-16,12950,13150,12600,12950,364005,-0.0038461538461538325
2016-12-19,12800,13100,12650,12700,316403,-0.019305019305019266
2016-12-20,12750,13300,12600,12900,422566,0.015748031496062964
2016-12-21,12950,13100,12750,12850,307384,-0.003875968992248069
2016-12-22,12850,12900,12150,12300,315057,-0.04280155642023342
2016-12-23,12150,12300,11550,11700,526490,-0.04878048780487809
2016-12-26,11950,13000,11500,12600,952809,0.07692307692307687
2016-12-27,12250,12300,11850,11900,398880,-0.05555555555555558
2016-12-28,11900,12150,11850,11900,151345,0.0
2016-12-29,12100,12250,11850,11900,178045,0.0
2017-01-02,12500,12650,12100,12250,237053,0.02941176470588225
2017-01-03,12200,12300,11950,12200,171300,-0.004081632653061273
2017-01-04,12200,12200,12000,12200,123481,0.0
2017-01-05,11500,11950,11500,11850,556149,-0.02868852459016391
2017-01-06,11900,12050,11700,11900,238405,0.00421940928270037
2017-01-09,11800,12050,11700,11850,257626,-0.004201680672268893
2017-01-10,11850,11850,11350,11350,307083,-0.04219409282700426
2017-01-11,11450,11600,11350,11500,157321,0.013215859030837107
2017-01-12,11550,11550,10750,11500,418355,0.0
2017-01-13,11350,12300,11200,11950,1153548,0.03913043478260869
2017-01-16,11950,11950,11500,11600,244361,-0.029288702928870314
2017-01-17,11500,11850,11400,11450,199586,-0.012931034482758674
2017-01-18,11400,11850,11300,11500,299273,0.004366812227074135
2017-01-19,11450,11850,11400,11800,258991,0.026086956521739202
2017-01-20,11850,12050,11600,11850,341685,0.004237288135593209
2017-01-23,11800,12200,11600,11650,179281,-0.016877637130801704
2017-01-24,11550,11900,11400,11550,120420,-0.008583690987124415
2017-01-25,11750,11800,11350,11800,140594,0.02164502164502169
2017-01-26,11900,11900,11700,11900,116118,0.008474576271186418
2017-01-31,11900,12150,11750,11750,169207,-0.012605042016806678
2017-02-01,11700,11900,11550,11550,203932,-0.017021276595744705
2017-02-02,12400,12500,9950,10750,1183016,-0.06926406926406925
2017-02-03,10850,13300,10750,12250,3087194,0.13953488372093026
2017-02-06,12000,13850,12000,13300,2279602,0.08571428571428563
2017-02-07,13250,14000,12650,13250,1256890,-0.003759398496240629
2017-02-08,13250,13250,12700,13000,493562,-0.018867924528301883
2017-02-09,13050,13100,12400,12700,486725,-0.023076923076923106
2017-02-10,12700,12850,11300,12100,1204686,-0.047244094488189003
2017-02-13,11750,12250,11450,11850,518294,-0.02066115702479343
2017-02-14,11900,12150,11500,11700,343331,-0.012658227848101222
2017-02-15,11600,11700,11200,11300,469165,-0.03418803418803418
2017-02-16,11350,12300,11300,11650,814957,0.030973451327433565
2017-02-17,11950,12150,11550,11750,391644,0.008583690987124415
2017-02-20,11550,11800,11350,11600,248138,-0.012765957446808529
2017-02-21,11700,11850,11500,11650,199798,0.004310344827586299
2017-02-22,11650,11700,11450,11600,118194,-0.0042918454935622075
2017-02-23,11650,11650,11450,11450,120909,-0.012931034482758674
2017-02-24,11500,11850,11450,11650,164917,0.017467248908296984
2017-02-27,11850,12000,11650,11750,322423,0.008583690987124415
2017-02-28,11700,11750,11450,11550,121237,-0.017021276595744705
2017-03-02,11550,11600,11300,11350,163134,-0.017316017316017285
2017-03-03,11300,11350,10400,11150,460470,-0.017621145374449365
2017-03-06,11150,11750,10850,11250,430383,0.008968609865470878
2017-03-07,11400,11400,11100,11200,138627,-0.004444444444444473
2017-03-08,11050,11150,10900,10950,256169,-0.022321428571428603
2017-03-09,11550,13150,11400,12850,3561980,0.17351598173515992
2017-03-10,13400,14450,10050,12100,5041878,-0.05836575875486383
2017-03-13,11050,11650,10700,11050,1978331,-0.08677685950413228
2017-03-14,11100,11200,10250,10400,1229194,-0.05882352941176472
2017-03-15,10300,10800,9100,10400,2998645,0.0
2017-03-16,10450,10600,10100,10300,472915,-0.009615384615384581
2017-03-17,10300,10350,9980,10100,306466,-0.01941747572815533
2017-03-20,9990,10600,9700,10150,697424,0.004950495049504955
2017-03-21,10200,10350,9950,10050,367770,-0.009852216748768461
2017-03-22,9910,10250,9910,10150,420893,0.00995024875621886
2017-03-23,10300,10650,9950,10150,827534,0.0
2017-03-24,10150,10550,9860,9940,929222,-0.020689655172413834
2017-03-27,9950,11600,9910,11350,3406424,0.14185110663983913
2017-03-28,12350,13100,10600,11400,3201326,0.004405286343612369
2017-03-29,11250,11700,10800,11500,1328143,0.00877192982456143
2017-03-30,11800,11850,10950,11000,849910,-0.04347826086956519
2017-03-31,10900,11100,10500,10700,724801,-0.027272727272727226
2017-04-03,10700,10750,9960,10200,889044,-0.04672897196261683
2017-04-04,10050,10150,7180,7210,2339855,-0.29313725490196074
2017-04-05,7400,8270,7310,8150,2463734,0.13037447988904294
2017-04-06,8000,8350,7540,7880,1021480,-0.03312883435582825
2017-04-07,8100,8260,7810,8010,568563,0.016497461928933976
2017-04-10,7140,7850,7070,7580,794779,-0.05368289637952561
2017-04-11,7670,7950,6910,7230,1019542,-0.04617414248021112
2017-04-12,7150,7360,6860,6940,956514,-0.04011065006915626
2017-04-13,6880,6960,6190,6320,1550424,-0.08933717579250722
2017-04-14,6490,7370,6360,6830,2059195,0.08069620253164556
2017-04-17,7370,8500,7290,8100,2252080,0.18594436310395324
2017-04-18,8710,8710,7970,8400,2709043,0.03703703703703698
2017-04-19,8530,8600,8250,8560,1088990,0.01904761904761898
2017-04-20,8330,8520,8210,8300,491387,-0.030373831775700966
2017-04-21,8350,8380,7600,7790,910405,-0.06144578313253013
2017-04-24,8000,8600,7530,7700,1411863,-0.011553273427471145
2017-04-25,7560,7850,7560,7730,510217,0.003896103896103842
2017-04-26,7900,7920,7220,7360,849899,-0.047865459249676556
2017-04-27,7400,7680,6820,7150,2642977,-0.028532608695652217
2017-04-28,7130,7260,6670,6750,998170,-0.05594405594405594
2017-05-02,6750,6760,5480,5730,1855811,-0.15111111111111108
2017-05-04,5820,6410,5810,6200,1813779,0.08202443280977323
2017-05-08,6600,6600,6030,6170,1238697,-0.004838709677419395
2017-05-10,6130,6130,4730,4830,2722622,-0.21717990275526744
2017-05-11,4830,4955,4280,4450,2089773,-0.07867494824016563
2017-05-12,4475,4515,4160,4220,1111049,-0.051685393258426915
2017-05-15,4220,4230,3905,3970,913774,-0.05924170616113744
2017-05-16,4000,4065,3735,4055,1018516,0.021410579345088054
2017-05-17,4030,4100,3900,3905,517965,-0.036991368680641235
2017-05-18,3895,4075,3860,3985,398149,0.020486555697823317
2017-05-19,3990,4095,3910,4000,546405,0.0037641154328733606
2017-05-22,4000,4030,3850,3915,288616,-0.02124999999999999
2017-05-23,3885,4050,3875,3915,471753,0.0
2017-05-24,3925,4010,3905,3925,234552,0.0025542784163474774
2017-05-25,3860,3860,3750,3815,327548,-0.028025477707006363
2017-05-26,3865,3895,3810,3840,213516,0.006553079947575258
2017-05-29,3900,3900,3810,3855,181697,0.00390625
2017-05-30,3860,3885,3820,3855,189434,0.0
2017-05-31,3855,3890,3820,3850,147024,-0.0012970168612191912
2017-06-01,3850,3890,3820,3880,148521,0.007792207792207684
2017-06-02,3865,4000,3855,3930,279036,0.012886597938144284
2017-06-05,3925,3930,3820,3825,252437,-0.026717557251908386
2017-06-07,3800,3870,3785,3825,145726,0.0
2017-06-08,3830,3855,3800,3820,175773,-0.0013071895424836555
2017-06-09,3820,3890,3805,3850,152983,0.007853403141361293
2017-06-12,3850,3875,3800,3825,115822,-0.00649350649350644
2017-06-13,3835,3845,3790,3820,129677,-0.0013071895424836555
2017-06-14,3800,3825,3755,3790,168976,-0.007853403141361293
2017-06-15,3825,3825,3735,3735,150552,-0.014511873350923521
2017-06-16,3760,3835,3720,3800,193241,0.01740294511378848
2017-06-19,3785,3825,3760,3770,107429,-0.007894736842105288
2017-06-20,3770,3810,3635,3635,239922,-0.035809018567639295
2017-06-21,3620,3645,3515,3525,147652,-0.030261348005502064
2017-06-22,3530,3575,3505,3530,137089,0.0014184397163119478
2017-06-23,3520,3700,3495,3650,166404,0.03399433427762033
2017-06-26,3660,3660,3510,3525,118521,-0.03424657534246578
2017-06-27,3515,3550,3480,3505,89285,-0.005673758865248235
2017-06-28,3500,3500,3325,3340,247141,-0.04707560627674745
2017-06-29,3315,3420,3315,3345,93774,0.0014970059880239361
2017-06-30,3340,3375,3300,3325,66727,-0.005979073243647215
2017-07-03,3305,3325,3190,3205,175316,-0.03609022556390973
2017-07-04,3200,3205,3110,3110,165708,-0.029641185647425905
2017-07-05,3115,3445,3115,3195,453087,0.027331189710610992
2017-07-06,3220,3250,3190,3210,87257,0.0046948356807512415
2017-07-07,3190,3285,3190,3190,108324,-0.006230529595015577
2017-07-10,3225,3225,3100,3120,111973,-0.021943573667711602
2017-07-11,3080,3140,3000,3000,126455,-0.038461538461538436
2017-07-12,3000,3130,2965,3020,102543,0.006666666666666599
2017-07-13,3000,3020,2945,2945,89199,-0.024834437086092676
2017-07-14,2900,3035,2900,2910,155293,-0.011884550084889645
2017-07-17,2900,2980,2900,2915,55843,0.0017182130584192379
2017-07-18,2920,2985,2920,2960,105427,0.015437392795883298
2017-07-19,2930,2980,2930,2930,64612,-0.010135135135135087
2017-07-20,2955,2965,2910,2930,52633,0.0
2017-07-21,2930,3730,2930,3470,5437002,0.1843003412969284
2017-07-24,3605,3955,3505,3770,4671538,0.08645533141210371
2017-07-25,3830,3840,3555,3710,1079407,-0.01591511936339518
2017-07-26,3660,4215,3645,3935,5259379,0.06064690026954178
2017-07-27,3975,4350,3855,4195,5025583,0.06607369758576875
2017-07-28,4150,4250,3935,4015,999334,-0.042908224076281254
2017-07-31,3975,4240,3975,4080,1165918,0.016189290161892966
2017-08-01,3975,4000,3705,3800,1273898,-0.06862745098039214
2017-08-02,3810,3820,3585,3625,701611,-0.046052631578947345
2017-08-03,3660,3685,3470,3625,598825,0.0
2017-08-04,3695,3755,3530,3610,558263,-0.004137931034482789
2017-08-07,3610,3770,3545,3700,457255,0.024930747922437657
2017-08-08,3750,3765,3620,3715,273698,0.004054054054054124
2017-08-09,3650,3720,3550,3610,270616,-0.02826379542395696
2017-08-10,3610,3615,3450,3500,262196,-0.030470914127423865
2017-08-11,3420,3475,3230,3270,340783,-0.06571428571428573
2017-08-14,3295,3340,3155,3155,173594,-0.03516819571865448
2017-08-16,3160,3325,3140,3220,141386,0.020602218700475516
2017-08-17,3190,3390,3190,3340,244975,0.037267080745341685
2017-08-18,3300,3330,3245,3265,128116,-0.022455089820359264
2017-08-21,3235,3350,3235,3275,118149,0.003062787136294043
2017-08-22,3330,3330,3200,3220,188748,-0.016793893129770976
2017-08-23,3230,3230,3145,3160,147097,-0.018633540372670843
2017-08-24,3150,3190,3135,3150,96758,-0.0031645569620253333
2017-08-25,3155,3230,3155,3205,89205,0.0174603174603174
2017-08-28,3190,3245,3150,3165,87421,-0.012480499219968744
2017-08-29,3165,3200,3115,3125,95904,-0.012638230647709303
2017-08-30,3130,3175,3115,3145,76202,0.006399999999999961
2017-08-31,3180,3180,3065,3095,123786,-0.015898251192368873
2017-09-01,3090,3150,3075,3095,82650,0.0
2017-09-04,3020,3065,3000,3035,118703,-0.01938610662358642
2017-09-05,3035,3080,2985,3020,121555,-0.0049423393739703725
2017-09-06,3020,3040,2985,2985,64346,-0.011589403973509937
2017-09-07,2985,3040,2980,3005,63673,0.00670016750418756
2017-09-08,2985,3050,2945,2955,96668,-0.016638935108153063
2017-09-11,2950,2980,2930,2940,75094,-0.005076142131979711
2017-09-12,2945,2990,2915,2985,73907,0.015306122448979664
2017-09-13,2945,2995,2945,2980,73333,-0.0016750418760469454
2017-09-14,2980,2980,2915,2930,107490,-0.016778523489932917
2017-09-15,2930,3400,2900,3060,1109644,0.04436860068259385
2017-09-18,3035,3270,3020,3210,316726,0.0490196078431373
2017-09-19,3210,3235,3070,3115,159017,-0.029595015576323935
2017-09-20,3085,3175,3030,3040,124634,-0.024077046548956704
2017-09-21,3045,3200,3000,3015,262515,-0.008223684210526327
2017-09-22,2980,3035,2925,2930,156094,-0.028192371475953548
2017-09-25,2890,2930,2785,2785,124536,-0.04948805460750849
2017-09-26,2660,2820,2660,2820,56479,0.012567324955116588
2017-09-27,2825,2930,2800,2800,96011,-0.007092198581560294
2017-09-28,2845,2890,2830,2880,45858,0.02857142857142847
2017-09-29,2855,2995,2850,2945,64270,0.02256944444444442
2017-10-10,2950,3005,2890,2910,55290,-0.011884550084889645
2017-10-11,2910,3020,2830,3020,129944,0.037800687285223455
2017-10-12,3075,3085,2980,2990,77379,-0.009933774834437137
2017-10-13,3035,3035,2870,2895,83216,-0.0317725752508361
2017-10-16,2955,2955,2855,2880,73342,-0.005181347150259086
2017-10-17,2850,3220,2850,2955,481713,0.02604166666666674
2017-10-18,2955,3580,2935,3325,3602168,0.1252115059221659
2017-10-19,3280,3335,3115,3210,546466,-0.0345864661654135
2017-10-20,3210,3240,3120,3200,210313,-0.0031152647975077885
2017-10-23,3200,3235,3130,3140,141827,-0.018750000000000044
2017-10-24,3140,3140,3050,3115,159119,-0.0079617834394905
2017-10-25,3130,3465,3115,3230,1013230,0.036918138041733606
2017-10-26,3240,3515,3180,3375,1237212,0.04489164086687314
2017-10-27,3500,3500,3250,3355,334365,-0.00592592592592589
2017-10-30,3495,3635,3350,3445,1057685,0.02682563338301036
2017-10-31,3460,3500,3370,3465,267629,0.005805515239477588
2017-11-01,3495,3505,3320,3355,291237,-0.031746031746031744
2017-11-02,3360,3410,3250,3315,154088,-0.011922503725782407
2017-11-03,3320,3345,3190,3220,187379,-0.02865761689291102
2017-11-06,3190,3295,3160,3280,145903,0.01863354037267073
2017-11-07,3245,3330,3205,3230,106548,-0.015243902439024404
2017-11-08,3205,3275,3195,3245,98141,0.004643962848297267
2017-11-09,3230,3345,3210,3320,127989,0.023112480739599484
2017-11-10,3350,3570,3330,3410,651635,0.027108433734939652
2017-11-13,3445,3450,3325,3380,168388,-0.008797653958944274
2017-11-14,3390,3390,3250,3255,182062,-0.03698224852071008
2017-11-15,3245,3295,3145,3160,235672,-0.029185867895545337
2017-11-16,3160,3165,3025,3100,170533,-0.01898734177215189
2017-11-17,3140,3240,3120,3200,115914,0.032258064516129004
2017-11-20,3200,3260,3180,3250,91183,0.015625
2017-11-21,3220,3260,3145,3145,189422,-0.03230769230769226
2017-11-22,3115,3195,3095,3130,151928,-0.004769475357710662
2017-11-23,3155,3180,3125,3160,62273,0.009584664536741228
2017-11-24,3150,3245,3135,3185,90408,0.007911392405063333
2017-11-27,3200,3240,3090,3095,112555,-0.028257456828885363
2017-11-28,3100,3150,3070,3080,73956,-0.004846526655896577
2017-11-29,3060,3125,3060,3085,55318,0.0016233766233766378
2017-11-30,3110,3110,3035,3035,81725,-0.01620745542949753
2017-12-01,3040,3245,2960,3145,259869,0.036243822075782584
2017-12-04,3170,3470,3160,3255,932996,0.03497615262321152
2017-12-05,3275,4230,3275,4230,3913705,0.29953917050691237
2017-12-06,5190,5200,3835,3925,8582055,-0.0721040189125296
2017-12-07,3970,4005,3475,3580,1513017,-0.0878980891719745
2017-12-08,3570,3645,3300,3380,620548,-0.05586592178770955
2017-12-11,3360,3610,3355,3610,582798,0.06804733727810652
2017-12-12,3570,3905,3485,3705,1534335,0.026315789473684292
2017-12-13,3730,4040,3700,3720,1111380,0.004048582995951344
2017-12-14,3760,3770,3560,3680,393414,-0.010752688172043001
2017-12-15,3660,4020,3655,3835,977861,0.04211956521739135
2017-12-18,3800,3975,3560,3930,723443,0.024771838331160367
2017-12-19,4045,4045,3650,3705,439752,-0.057251908396946605
2017-12-20,3665,3855,3615,3690,366843,-0.004048582995951455
2017-12-21,3690,3800,3535,3540,276928,-0.04065040650406504
2017-12-22,3550,3550,3400,3445,167300,-0.026836158192090398
2017-12-26,3485,3490,3390,3400,141113,-0.013062409288824406
2017-12-27,3400,3505,3370,3440,143457,0.0117647058823529
2017-12-28,3440,3570,3415,3520,130291,0.023255813953488413
2018-01-02,3530,3580,3420,3560,132390,0.011363636363636465
2018-01-03,3565,3760,3560,3705,362651,0.04073033707865159
2018-01-04,3795,4815,3675,4155,8065514,0.12145748987854255
2018-01-05,4100,4645,3950,4185,4737810,0.0072202166064982976
2018-01-08,4215,4355,4100,4300,1253490,0.027479091995221028
2018-01-09,4360,4435,4225,4310,1276028,0.0023255813953488857
2018-01-10,4310,4350,4085,4180,694815,-0.030162412993039456
2018-01-11,4180,4225,4000,4070,447017,-0.02631578947368418
2018-01-12,4100,4150,4000,4000,287974,-0.017199017199017175
2018-01-15,4000,4140,3855,4125,303766,0.03125
2018-01-16,4125,4140,4020,4040,216701,-0.020606060606060628
2018-01-17,4020,4070,3970,3970,188120,-0.017326732673267342
2018-01-18,4040,4090,3950,4090,156610,0.030226700251889227
2018-01-19,4110,4180,3980,4005,326702,-0.020782396088019572
2018-01-22,4025,4045,3950,3970,153181,-0.008739076154806513
2018-01-23,3945,4035,3945,3960,146431,-0.0025188916876573986
2018-01-24,3960,4165,3915,4130,560360,0.04292929292929304
2018-01-25,4195,4195,4045,4070,258257,-0.014527845036319653
2018-01-26,4075,4165,4030,4130,358119,0.014742014742014753
2018-01-29,4140,4230,4080,4120,411834,-0.002421307506053294
2018-01-30,4115,4145,4030,4050,235161,-0.016990291262135915
2018-01-31,4030,4030,3885,3935,224568,-0.02839506172839501
2018-02-01,3900,4050,3900,3975,265147,0.010165184243964509
2018-02-02,3995,4040,3850,3885,239762,-0.02264150943396226
2018-02-05,3810,3885,3675,3700,144178,-0.04761904761904767
2018-02-06,3550,3625,3460,3560,275370,-0.037837837837837784
2018-02-07,3625,3710,3510,3510,114407,-0.014044943820224698
2018-02-08,3460,3605,3460,3605,76051,0.027065527065527117
2018-02-09,3500,3565,3480,3490,122583,-0.03190013869625519
2018-02-12,3495,3605,3495,3550,96445,0.017191977077363862
2018-02-13,3570,3615,3515,3585,100315,0.009859154929577452
2018-02-14,3610,3615,3555,3580,69684,-0.001394700139469962
2018-02-19,3580,3725,3555,3720,96501,0.03910614525139655
2018-02-20,3720,4090,3720,3875,520688,0.04166666666666674
2018-02-21,4000,4465,3890,4115,3979866,0.06193548387096781
2018-02-22,4195,4195,4030,4055,531251,-0.014580801944106936
2018-02-23,4055,4160,3925,3945,300587,-0.027127003699136898
2018-02-26,3890,4050,3890,4050,185837,0.026615969581748944
2018-02-27,4015,4125,3930,3935,277564,-0.02839506172839501
2018-02-28,3930,4270,3925,3940,1073703,0.0012706480304955914
2018-03-02,3960,4070,3955,4020,186451,0.020304568527918843
2018-03-05,4005,4125,3900,3970,205861,-0.01243781094527363
2018-03-06,4010,4020,3755,3845,173804,-0.03148614609571787
2018-03-07,3890,3890,3680,3680,198483,-0.042912873862158696
2018-03-08,3760,3770,3675,3770,126093,0.024456521739130377
2018-03-09,3770,3925,3770,3900,159819,0.034482758620689724
2018-03-12,3905,4020,3900,3990,199110,0.023076923076922995
2018-03-13,4015,4040,3920,4025,194533,0.00877192982456143
2018-03-14,4025,4100,3960,3960,135637,-0.016149068322981353
2018-03-15,4000,4095,3910,4025,194761,0.016414141414141437
2018-03-16,4025,4140,3960,4005,297256,-0.004968944099378869
2018-03-19,4000,4015,3865,3895,161816,-0.027465667915106073
2018-03-20,3890,3920,3810,3825,116621,-0.01797175866495504
2018-03-21,3855,3870,3745,3745,169410,-0.0209150326797386
2018-03-22,3745,3985,3675,3820,280568,0.020026702269692942
2018-03-23,3750,3805,3565,3590,198264,-0.060209424083769614
2018-03-26,3535,3700,3350,3655,121444,0.01810584958217265
2018-03-27,3700,3860,3660,3765,132862,0.030095759233926156
2018-03-28,3760,3760,3600,3650,165720,-0.030544488711819362
2018-03-29,3650,3705,3575,3650,112345,0.0
2018-03-30,3615,3785,3615,3710,85780,0.016438356164383494
2018-04-02,3720,3795,3660,3660,129729,-0.013477088948787075
2018-04-03,3605,3680,3475,3665,142476,0.001366120218579292
2018-04-04,3700,3700,3535,3575,107111,-0.024556616643929052
2018-04-05,3580,3625,3565,3605,87435,0.008391608391608463
2018-04-06,3580,3660,3580,3655,49088,0.01386962552011095
2018-04-09,3585,3765,3585,3690,75875,0.009575923392612928
2018-04-10,3690,3690,3550,3590,91644,-0.027100271002710064
2018-04-11,3610,3695,3595,3670,97687,0.022284122562674202
2018-04-12,3680,3760,3650,3680,100165,0.0027247956403269047
2018-04-13,3730,3770,3655,3745,160585,0.017663043478260976
2018-04-16,3795,3850,3725,3800,139069,0.014686248331108098
2018-04-17,3845,3870,3745,3780,172366,-0.0052631578947368585
2018-04-18,3800,3830,3755,3785,105124,0.001322751322751392
2018-04-19,3790,3810,3670,3770,147209,-0.003963011889035695
2018-04-20,3770,3840,3720,3800,151070,0.007957559681697646
2018-04-23,3835,3980,3780,3900,440777,0.026315789473684292
2018-04-24,3905,3935,3815,3850,148932,-0.012820512820512775
2018-04-25,3840,4050,3840,3850,484630,0.0
2018-04-26,3900,3975,3825,3900,157086,0.01298701298701288
2018-04-27,3965,3980,3790,3790,162077,-0.028205128205128216
2018-04-30,3785,3795,3650,3675,267417,-0.03034300791556732
2018-05-02,3655,3670,3550,3650,243437,-0.006802721088435382
2018-05-03,3685,3685,3600,3610,112182,-0.010958904109588996
2018-05-04,3595,3700,3590,3655,144534,0.012465373961218829
2018-05-08,3620,3730,3550,3570,137479,-0.023255813953488413
2018-05-09,3630,3650,3560,3585,143476,0.004201680672268893
2018-05-10,3585,3635,3580,3595,80260,0.002789400278939924
2018-05-11,3605,3750,3605,3690,153768,0.026425591098748313
2018-05-14,3670,3720,3615,3625,83221,-0.017615176151761558
2018-05-15,3640,3695,3450,3510,235064,-0.03172413793103446
2018-05-16,3500,3535,3410,3410,182776,-0.028490028490028463
2018-05-17,3395,3485,3365,3465,47494,0.016129032258064502
2018-05-18,3495,3495,3400,3445,91265,-0.005772005772005762
2018-05-21,3415,3470,3415,3455,40765,0.002902757619738683
2018-05-23,3480,3480,3405,3410,51148,-0.013024602026049159
2018-05-24,3425,3430,3230,3230,214300,-0.05278592375366564
2018-05-25,3200,3225,3100,3185,106709,-0.01393188854489169
2018-05-28,3200,3285,3160,3235,95065,0.01569858712715866
2018-05-29,3485,3605,3315,3325,418503,0.02782071097372496
2018-05-30,3285,3325,3230,3255,121739,-0.021052631578947323
2018-05-31,3255,3275,3200,3275,96136,0.006144393241167334
2018-06-01,3275,3275,3195,3210,101275,-0.01984732824427482
2018-06-04,3210,3275,3180,3210,44627,0.0
2018-06-05,3200,3245,3180,3205,37050,-0.0015576323987538387
2018-06-07,3205,3245,3155,3200,42904,-0.0015600624024960652
2018-06-08,3180,3245,3175,3175,93372,-0.0078125
2018-06-11,3175,3230,3145,3155,84083,-0.006299212598425252
2018-06-12,3175,3175,3095,3120,70666,-0.011093502377179099
2018-06-14,3120,3160,3035,3050,54823,-0.022435897435897467
2018-06-15,3050,3090,3030,3050,34081,0.0
2018-06-18,3045,3085,2835,2885,144256,-0.0540983606557377
2018-06-19,2895,2950,2750,2760,86156,-0.04332755632582319
2018-06-20,2790,2860,2765,2810,65154,0.018115942028985588
2018-06-21,2830,2885,2785,2785,46035,-0.008896797153024938
2018-06-22,2750,2790,2645,2670,106114,-0.04129263913824055
2018-06-25,2725,2940,2700,2795,118099,0.04681647940074907
2018-06-26,2710,2760,2680,2760,58422,-0.012522361359570633
2018-06-27,2760,2875,2760,2800,74322,0.01449275362318847
2018-06-28,2715,2860,2705,2765,55490,-0.012499999999999956
2018-06-29,2765,3250,2750,3250,228428,0.17540687160940327
2018-07-02,3015,3045,2855,2855,250033,-0.12153846153846148
2018-07-03,2810,2855,2725,2750,126716,-0.03677758318739055
2018-07-04,2750,2940,2730,2880,99325,0.047272727272727355
2018-07-05,2880,2965,2820,2865,74160,-0.00520833333333337
2018-07-06,2870,2895,2810,2860,30376,-0.0017452006980802626
2018-07-09,2860,2945,2820,2865,34340,0.0017482517482516613
2018-07-10,2870,3025,2850,2915,131382,0.017452006980802848
2018-07-11,2925,2935,2850,2925,64716,0.0034305317324185847
2018-07-12,2995,2995,2890,2930,44093,0.0017094017094017033
2018-07-13,2900,2945,2875,2900,34154,-0.010238907849829393
2018-07-16,2850,2930,2850,2900,37384,0.0
2018-07-17,2950,2950,2845,2905,27884,0.0017241379310344307
2018-07-18,2890,2950,2855,2875,40012,-0.0103270223752151
2018-07-19,2935,2935,2815,2875,28582,0.0
2018-07-20,2880,2880,2820,2840,14132,-0.012173913043478257
2018-07-23,2800,2840,2685,2740,56438,-0.035211267605633756
2018-07-24,2765,2765,2645,2685,49733,-0.02007299270072993
2018-07-25,2760,2760,2615,2620,33488,-0.02420856610800748
2018-07-26,2535,2645,2535,2620,29456,0.0
2018-07-27,2650,2650,2600,2620,38334,0.0
2018-07-30,2635,2650,2580,2610,26719,-0.003816793893129722
2018-07-31,2600,2700,2600,2670,25098,0.02298850574712641
2018-08-01,2700,2765,2660,2715,48559,0.016853932584269593
2018-08-02,2775,2775,2660,2690,31971,-0.009208103130755041
2018-08-03,2715,2715,2650,2700,23962,0.0037174721189590088
2018-08-06,2755,2755,2675,2705,17438,0.0018518518518517713
2018-08-07,2705,2750,2660,2730,28822,0.009242144177449063
2018-08-08,2730,2750,2665,2685,24195,-0.016483516483516536
2018-08-09,2680,2800,2625,2800,30767,0.04283054003724396
2018-08-10,2795,2795,2690,2730,22565,-0.025000000000000022
2018-08-13,2695,2720,2605,2620,42020,-0.04029304029304026
2018-08-14,2590,2640,2575,2635,34876,0.005725190839694694
2018-08-16,2575,2655,2575,2625,18371,-0.003795066413662229
2018-08-17,2690,2690,2615,2635,12638,0.003809523809523707
2018-08-20,2635,2690,2625,2670,22480,0.013282732447817747
2018-08-21,2670,2735,2655,2690,18822,0.0074906367041198685
2018-08-22,2705,2705,2660,2690,22896,0.0
2018-08-23,2725,2725,2620,2640,32767,-0.018587360594795488
2018-08-24,2670,2670,2540,2585,87108,-0.02083333333333337
2018-08-27,2585,2605,2515,2540,62554,-0.01740812379110257
2018-08-28,2570,2590,2540,2575,33563,0.013779527559055094
2018-08-29,2565,2580,2540,2580,28129,0.001941747572815622
2018-08-30,2610,2610,2565,2590,17192,0.003875968992248069
2018-08-31,2590,2600,2550,2595,30314,0.0019305019305020377
2018-09-03,2625,2625,2575,2605,21107,0.003853564547206201
2018-09-04,2600,2610,2575,2600,16626,-0.0019193857965451588
2018-09-05,2625,2625,2580,2585,16404,-0.005769230769230749
2018-09-06,2600,2600,2540,2570,21147,-0.005802707930367523
2018-09-07,2590,2590,2505,2545,55126,-0.009727626459143934
2018-09-10,2565,2565,2510,2525,19261,-0.007858546168958758
2018-09-11,2550,2560,2470,2525,54165,0.0
2018-09-12,2530,2540,2465,2515,56631,-0.003960396039603964
2018-09-13,2515,2550,2490,2515,44933,0.0
2018-09-14,2535,2535,2485,2520,28955,0.001988071570576455
2018-09-17,2510,2535,2450,2515,33848,-0.001984126984126977
2018-09-18,2515,2515,2470,2495,16909,-0.007952286282306154
2018-09-19,2480,2515,2455,2475,25704,-0.008016032064128265
2018-09-20,2485,2510,2465,2485,49728,0.004040404040404066
2018-09-21,2515,2515,2430,2460,43623,-0.010060362173038184
2018-09-27,2470,2545,2460,2515,83487,0.022357723577235866
2018-09-28,2530,2540,2470,2480,35764,-0.013916500994035741
2018-10-01,2480,2480,2390,2425,76361,-0.022177419354838745
2018-10-02,2425,2425,2375,2380,38855,-0.01855670103092788
2018-10-04,2380,2380,2265,2285,58285,-0.03991596638655459
2018-10-05,2285,2345,2190,2210,54152,-0.03282275711159732
2018-10-08,2170,2210,2160,2180,27910,-0.013574660633484115
2018-10-10,2180,2205,1960,1965,112160,-0.0986238532110092
2018-10-11,1860,1920,1760,1805,118543,-0.0814249363867684
2018-10-12,1720,1930,1720,1880,96400,0.04155124653739617
2018-10-15,1885,1955,1855,1855,41700,-0.013297872340425565
2018-10-16,1860,1920,1835,1900,35220,0.0242587601078168
2018-10-17,1945,2470,1935,2470,488117,0.30000000000000004
2018-10-18,2700,3130,2470,2995,6935067,0.21255060728744946
2018-10-19,2825,2850,2610,2735,1774851,-0.08681135225375625
2018-10-22,2740,2830,2625,2790,1010428,0.02010968921389389
2018-10-23,2730,2850,2630,2790,1091880,0.0
2018-10-24,2790,2830,2635,2700,521616,-0.032258064516129004
2018-10-25,2550,2660,2470,2605,386474,-0.03518518518518521
2018-10-26,2710,2710,2150,2190,729035,-0.15930902111324374
2018-10-29,2160,2190,1905,1920,404464,-0.12328767123287676
2018-10-30,1920,2015,1800,2015,201174,0.04947916666666674
2018-10-31,2100,2105,1990,2085,118472,0.03473945409429291
2018-11-01,2085,2220,1960,2130,357475,0.021582733812949728
2018-11-02,2140,2230,2135,2195,127486,0.030516431924882736
2018-11-05,2200,2220,2030,2120,153863,-0.034168564920273314
2018-11-06,2115,2190,2100,2165,93012,0.021226415094339535
2018-11-07,2185,2190,2040,2100,150166,-0.03002309468822173
2018-11-08,2195,2195,2095,2130,70787,0.014285714285714235
2018-11-09,2150,2155,2080,2125,73083,-0.0023474178403756207
2018-11-12,2175,2175,2080,2110,73758,-0.007058823529411784
2018-11-13,2120,2125,2065,2125,66664,0.007109004739336511
2018-11-14,2095,2140,2070,2130,88569,0.0023529411764706687
2018-11-15,2130,2135,2075,2100,69252,-0.014084507042253502
2018-11-16,2100,2190,2080,2190,139887,0.04285714285714293
2018-11-19,2190,2250,2120,2210,118428,0.009132420091324311
2018-11-20,2165,2260,2160,2190,109614,-0.009049773755656076
2018-11-21,2200,2200,2030,2140,61515,-0.022831050228310557
2018-11-22,2135,2225,2135,2150,53018,0.004672897196261738
2018-11-23,2175,2250,2135,2140,78527,-0.0046511627906976605
2018-11-26,2130,2210,2110,2180,55740,0.01869158878504673
2018-11-27,2160,2195,2155,2175,32356,-0.002293577981651418
2018-11-28,2170,2195,2145,2160,40469,-0.006896551724137945
2018-11-29,2190,2225,2150,2150,61492,-0.00462962962962965
2018-11-30,2150,2205,2130,2150,65456,0.0
2018-12-03,2150,2255,2150,2180,75833,0.013953488372093092
2018-12-04,2180,2660,2180,2510,3390425,0.15137614678899092
2018-12-05,2470,2590,2355,2450,665821,-0.0239043824701195
2018-12-06,2445,2445,2255,2295,334560,-0.06326530612244896
2018-12-07,2295,2460,2290,2290,794103,-0.002178649237472796
2018-12-10,2240,2325,2240,2270,99506,-0.008733624454148492
2018-12-11,2270,2300,2150,2150,128227,-0.052863436123347984
2018-12-12,2160,2230,2120,2190,65719,0.018604651162790642
2018-12-13,2220,2260,2160,2210,105021,0.009132420091324311
2018-12-14,2190,2240,2125,2185,68343,-0.011312217194570096
2018-12-17,2190,2190,2050,2080,127079,-0.048054919908466776
2018-12-18,2080,2130,2050,2100,77211,0.009615384615384581
2018-12-19,2120,2120,2030,2060,53377,-0.01904761904761909
2018-12-20,2090,2090,2010,2030,50838,-0.014563106796116498
2018-12-21,1900,2110,1900,2085,77918,0.027093596059113212
2018-12-24,2070,2070,2000,2000,48323,-0.04076738609112707
2018-12-26,1995,1995,1855,1950,52163,-0.025000000000000022
2018-12-27,1940,2010,1940,1990,41582,0.02051282051282044
2018-12-28,1955,2075,1955,2005,40606,0.007537688442211143
2019-01-02,2100,2130,2020,2035,34280,0.014962593516209433
2019-01-03,2035,2100,2015,2040,64383,0.002457002457002533
2019-01-04,2035,2540,1975,2230,2509168,0.09313725490196068
2019-01-07,2195,2240,2135,2240,238971,0.004484304932735439
2019-01-08,2245,2260,2150,2160,143103,-0.0357142857142857
2019-01-09,2180,2240,2180,2190,104623,0.01388888888888884
2019-01-10,2200,2230,2170,2175,67197,-0.006849315068493178
2019-01-11,2225,2225,2145,2160,81725,-0.006896551724137945
2019-01-14,2160,2205,2135,2170,94029,0.004629629629629539
2019-01-15,2200,2200,2165,2175,58211,0.0023041474654377225
2019-01-16,2210,2210,2150,2175,51789,0.0
2019-01-17,2175,2340,2160,2260,220623,0.03908045977011487
2019-01-18,2275,2275,2215,2265,98233,0.0022123893805310324
2019-01-21,2265,2350,2220,2310,136831,0.019867549668874274
2019-01-22,2310,2360,2290,2305,132415,-0.0021645021645021467
2019-01-23,2310,2320,2205,2210,153418,-0.041214750542299394
2019-01-24,2220,2295,2200,2280,101478,0.03167420814479649
2019-01-25,2305,2320,2260,2320,85274,0.01754385964912286
2019-01-28,2320,2465,2305,2330,250281,0.004310344827586299
2019-01-29,2365,2400,2310,2360,85587,0.012875536480686733
2019-01-30,2360,2550,2360,2520,347207,0.06779661016949157
2019-01-31,2510,2595,2440,2550,305688,0.011904761904761862
2019-02-01,2550,2550,2470,2495,173457,-0.021568627450980427
2019-02-07,2495,2565,2440,2510,147890,0.006012024048096087
2019-02-08,2510,2570,2475,2565,129971,0.021912350597609542
2019-02-11,2550,2570,2505,2565,102658,0.0
2019-02-12,2585,2615,2535,2600,91958,0.013645224171539905
2019-02-13,2650,2650,2560,2575,116203,-0.009615384615384581
2019-02-14,2580,2655,2580,2640,131143,0.025242718446601975
2019-02-15,2635,2665,2575,2660,139695,0.007575757575757569
2019-02-18,2655,2730,2640,2730,81904,0.026315789473684292
2019-02-19,2735,2795,2720,2785,123966,0.020146520146520075
2019-02-20,2750,2835,2725,2775,106934,-0.0035906642728904536
2019-02-21,2760,2870,2760,2835,89801,0.021621621621621623
2019-02-22,2810,2885,2800,2870,104487,0.012345679012345734
2019-02-25,2875,2955,2840,2950,140943,0.027874564459930307
2019-02-26,2960,3115,2960,3020,278061,0.023728813559322104
2019-02-27,3020,3120,3020,3115,163169,0.0314569536423841
2019-02-28,3120,3170,2810,2915,462918,-0.0642054574638844
2019-03-04,2930,3100,2930,3090,143342,0.06003430531732423
2019-03-05,3100,3125,2985,3045,95238,-0.014563106796116498
2019-03-06,2985,3045,2885,2975,184809,-0.02298850574712641
2019-03-07,2980,3020,2850,2950,92157,-0.008403361344537785
2019-03-08,2955,2960,2710,2760,175153,-0.06440677966101693
2019-03-11,2760,2825,2695,2705,78783,-0.019927536231884035
2019-03-12,2725,2775,2675,2725,96269,0.007393715341959428
2019-03-13,2720,2800,2590,2630,66314,-0.034862385321100864
2019-03-14,2635,2725,2635,2700,72946,0.026615969581748944
2019-03-15,2895,2900,2690,2720,91581,0.007407407407407307
2019-03-18,2730,2770,2655,2700,50895,-0.007352941176470562
2019-03-19,2735,2735,2540,2565,198926,-0.050000000000000044
2019-03-20,2525,2550,2400,2510,168497,-0.021442495126705707
2019-03-21,2550,2550,2035,2255,202210,-0.10159362549800799
2019-03-22,2315,2330,2255,2275,109459,0.008869179600886845
2019-03-25,2275,2275,2100,2240,136472,-0.01538461538461533
2019-03-26,2290,2390,2195,2250,77926,0.0044642857142858094
2019-03-27,2290,2290,2200,2240,61315,-0.004444444444444473
2019-03-28,2265,2270,2200,2225,33919,-0.006696428571428603
2019-03-29,2215,2285,2100,2125,82120,-0.0449438202247191
2019-04-01,2135,2160,2045,2100,224636,-0.0117647058823529
2019-04-02,2120,2140,2095,2120,116749,0.00952380952380949
2019-04-03,2125,2190,2090,2155,124758,0.01650943396226423
2019-04-04,2190,2190,2140,2165,59103,0.004640371229698292
2019-04-05,2180,2180,2135,2175,56709,0.004618937644341736
2019-04-08,2185,2280,2180,2280,105610,0.048275862068965614
2019-04-09,2400,2875,2320,2520,2588858,0.10526315789473695
2019-04-10,2440,2470,2365,2405,402092,-0.045634920634920584
2019-04-11,2405,2470,2380,2430,237076,0.01039501039501034
2019-04-12,2430,2430,2340,2350,164418,-0.03292181069958844
2019-04-15,2330,2350,2290,2335,176231,-0.006382978723404209
2019-04-16,2335,2335,2230,2320,166311,-0.0064239828693790635
2019-04-17,2330,2455,2330,2360,187800,0.01724137931034475
2019-04-18,2380,2390,2280,2320,108439,-0.016949152542372836
2019-04-19,2320,2415,2260,2370,119690,0.02155172413793105
2019-04-22,2370,2405,2340,2375,63696,0.0021097046413502962
2019-04-23,2385,2390,2325,2345,48607,-0.012631578947368438
2019-04-24,2345,2375,2325,2355,38972,0.004264392324093924
2019-04-25,2350,2350,2295,2305,67551,-0.02123142250530785
2019-04-26,2270,2310,2260,2300,31539,-0.002169197396963085
2019-04-29,2300,2330,2280,2295,76748,-0.0021739130434782483
2019-04-30,2355,2355,2240,2320,88246,0.01089324618736387
2019-05-02,2360,2360,2280,2325,32305,0.0021551724137931494
2019-05-03,2325,2340,2300,2315,36914,-0.004301075268817178
2019-05-07,2245,2310,2245,2275,44935,-0.017278617710583144
2019-05-08,2275,2290,2235,2240,76585,-0.01538461538461533
2019-05-09,2230,2245,2150,2170,68672,-0.03125
2019-05-10,2170,2235,2125,2145,54467,-0.011520737327188946
2019-05-13,2195,2400,2130,2190,153168,0.020979020979021046
2019-05-14,2075,2235,2075,2210,22235,0.009132420091324311
2019-05-15,2240,2280,2190,2240,29254,0.013574660633484115
2019-05-16,2220,2285,2205,2205,35678,-0.015625
2019-05-17,2215,2250,2175,2200,24913,-0.0022675736961451642
2019-05-20,2200,2270,2200,2215,55182,0.006818181818181834
2019-05-21,2250,2280,2180,2275,47282,0.02708803611738153
2019-05-22,2280,2320,2245,2290,79933,0.00659340659340657
2019-05-23,2300,2300,2200,2240,52237,-0.02183406113537123
2019-05-24,2240,2275,2080,2110,172982,-0.0580357142857143
2019-05-27,2680,2740,2525,2740,3687504,0.2985781990521328
2019-05-28,2760,3555,2760,3250,16047046,0.18613138686131392
2019-05-29,3280,3335,2920,2920,4724569,-0.10153846153846158
2019-05-30,2940,2985,2710,2740,1801953,-0.06164383561643838
2019-05-31,2820,2825,2635,2775,1045010,0.012773722627737127
2019-06-03,2690,2690,2615,2630,632112,-0.052252252252252274
2019-06-04,2660,2670,2470,2525,993549,-0.03992395437262353
2019-06-05,2525,2560,2500,2545,407780,0.007920792079207928
2019-06-07,2520,2590,2490,2585,398180,0.015717092337917515
2019-06-10,2580,2600,2505,2600,366014,0.005802707930367523
2019-06-11,2565,2625,2530,2615,584156,0.005769230769230749
2019-06-12,2600,2630,2565,2600,257751,-0.005736137667303964
2019-06-13,2600,2600,2565,2565,188410,-0.013461538461538414
2019-06-14,2580,2615,2530,2600,210832,0.013645224171539905
2019-06-17,2620,2630,2460,2490,324521,-0.04230769230769227
2019-06-18,2480,2490,2420,2450,211596,-0.016064257028112428
2019-06-19,2430,2490,2385,2430,234375,-0.008163265306122436
2019-06-20,2455,2510,2410,2510,171938,0.03292181069958855
2019-06-21,2515,2515,2435,2455,127566,-0.021912350597609542
2019-06-24,2485,2490,2400,2450,85429,-0.0020366598778004397
2019-06-25,2475,2475,2375,2385,93341,-0.026530612244897944
2019-06-26,2400,2555,2315,2340,486168,-0.018867924528301883
2019-06-27,2340,2400,2270,2290,157990,-0.021367521367521403
2019-06-28,2260,2350,2260,2300,82608,0.004366812227074135
2019-07-01,2305,2325,2270,2295,64558,-0.0021739130434782483
2019-07-02,2290,2305,2255,2305,74138,0.004357298474945592
2019-07-03,2295,2315,2280,2315,61463,0.00433839479392617
2019-07-04,2300,2440,2300,2415,438755,0.043196544276457916
2019-07-05,2375,2540,2290,2330,1087183,-0.035196687370600444
2019-07-08,2360,2370,2210,2215,253295,-0.04935622317596566
2019-07-09,2225,2245,2140,2145,127291,-0.03160270880361171
2019-07-10,2250,2250,2150,2195,99213,0.02331002331002341
2019-07-11,2215,2240,2185,2210,85342,0.006833712984054774
2019-07-12,2210,2245,2185,2205,82311,-0.002262443438914019
2019-07-15,2200,2220,2180,2185,89655,-0.009070294784580546
2019-07-16,2180,2240,2180,2185,94343,0.0
2019-07-17,2185,2210,2180,2180,80402,-0.0022883295194507935
2019-07-18,2185,2270,2185,2210,138407,0.013761467889908285
2019-07-19,2220,2240,2180,2240,66382,0.013574660633484115
2019-07-22,2260,2260,2145,2210,93521,-0.013392857142857095
2019-07-23,2215,2230,2180,2205,60964,-0.002262443438914019
2019-07-24,2205,2235,2180,2190,64425,-0.006802721088435382
2019-07-25,2190,2215,2180,2190,41234,0.0
2019-07-26,2180,2195,2110,2130,114463,-0.0273972602739726
2019-07-29,2130,2130,2000,2010,88218,-0.05633802816901412
2019-07-30,1945,2610,1945,2610,6578422,0.29850746268656714
2019-07-31,2490,2495,2255,2260,2205564,-0.13409961685823757
2019-08-01,2240,2240,2060,2135,762917,-0.05530973451327437
2019-08-02,2105,2185,2085,2100,429688,-0.016393442622950838
2019-08-05,2120,2340,2065,2090,1448522,-0.004761904761904745
2019-08-06,2055,2260,1975,2160,571698,0.03349282296650724
2019-08-07,2200,2200,2100,2120,246855,-0.01851851851851849
2019-08-08,2105,2155,2085,2120,245106,0.0
2019-08-09,2125,2160,2105,2160,168971,0.018867924528301883
2019-08-12,2135,2185,2055,2160,146164,0.0
2019-08-13,2140,2155,2105,2110,108395,-0.02314814814814814
2019-08-14,2110,2150,2110,2125,90755,0.007109004739336511
2019-08-16,2125,2125,2025,2090,140031,-0.016470588235294126
2019-08-19,2090,2100,2040,2055,131004,-0.01674641148325362
2019-08-20,2055,2130,2020,2125,109168,0.03406326034063256
2019-08-21,2090,2190,2090,2130,127970,0.0023529411764706687
2019-08-22,2130,2180,2110,2140,72585,0.0046948356807512415
2019-08-23,2150,2160,2105,2130,63331,-0.004672897196261627
2019-08-26,2035,2100,2030,2030,107965,-0.04694835680751175
2019-08-27,2075,2090,2040,2040,56323,0.0049261083743843415
2019-08-28,2090,2090,2040,2065,47293,0.01225490196078427
2019-08-29,2050,2150,2050,2080,62203,0.007263922518159882
2019-08-30,2080,2130,2060,2105,45244,0.012019230769230838
2019-09-02,2130,2130,2090,2110,56805,0.002375296912114022
2019-09-03,2110,2155,2090,2120,77736,0.004739336492890933
2019-09-04,2140,2155,2100,2140,85530,0.009433962264151052
2019-09-05,2160,2180,2130,2160,80041,0.009345794392523255
2019-09-06,2185,2185,2115,2140,56972,-0.0092592592592593
2019-09-09,2120,2180,2120,2155,32210,0.007009345794392496
2019-09-10,2180,2190,2145,2155,37083,0.0
2019-09-11,2175,2180,2135,2170,83931,0.006960556844547661
2019-09-16,2170,2185,2150,2180,64642,0.004608294930875667
2019-09-17,2180,2225,2165,2215,107142,0.016055045871559592
2019-09-18,2195,2220,2170,2215,77042,0.0
2019-09-19,2230,2230,2195,2220,71742,0.0022573363431150906
2019-09-20,2220,2220,2200,2220,72865,0.0
2019-09-23,2225,2225,2170,2205,48906,-0.006756756756756799
2019-09-24,2205,2235,2150,2195,44026,-0.0045351473922902175
2019-09-25,2175,2205,2160,2165,54109,-0.013667425968109326
2019-09-26,2170,2210,2165,2175,49455,0.004618937644341736
2019-09-27,2195,2200,2140,2150,25327,-0.011494252873563204
2019-09-30,2140,2150,2080,2100,37925,-0.023255813953488413
2019-10-01,2070,2145,2070,2125,26054,0.011904761904761862
2019-10-02,2110,2165,2085,2090,59311,-0.016470588235294126
2019-10-04,2090,2135,2080,2110,70368,0.009569377990430672
2019-10-07,2160,2160,2055,2060,60747,-0.023696682464455
2019-10-08,2075,2095,2045,2080,46314,0.009708737864077666
2019-10-10,2060,2090,2055,2080,19652,0.0
2019-10-11,2085,2090,2055,2080,24607,0.0
2019-10-14,2105,2220,2055,2095,256386,0.007211538461538547
2019-10-15,2095,2130,2085,2120,53005,0.01193317422434359
2019-10-16,2115,2130,2100,2125,45683,0.002358490566037652
2019-10-17,2125,2125,2080,2110,35742,-0.007058823529411784
2019-10-18,2110,2115,2070,2095,52261,-0.007109004739336511
2019-10-21,2095,2095,2060,2070,45984,-0.011933174224343701
2019-10-22,2080,2105,2070,2085,25308,0.007246376811594235
2019-10-23,2055,2085,2050,2065,40878,-0.00959232613908878
2019-10-24,2065,2095,2045,2070,40842,0.002421307506053294
2019-10-25,2065,2080,2050,2060,22190,-0.004830917874396157
2019-10-28,2045,2085,2040,2065,46768,0.0024271844660195274
2019-10-29,2065,2065,2000,2035,60942,-0.014527845036319653
2019-10-30,2035,2085,2035,2070,29071,0.017199017199017286
2019-10-31,2050,2085,2050,2080,63939,0.004830917874396157
2019-11-01,2265,2265,2105,2115,306549,0.016826923076923128
2019-11-04,2115,2140,2100,2115,63361,0.0
2019-11-05,2110,2130,2075,2095,42146,-0.009456264775413725
2019-11-06,2085,2110,2085,2090,42420,-0.0023866348448687846
2019-11-07,2090,2115,2090,2090,31522,0.0
2019-11-08,2090,2125,2075,2095,58996,0.0023923444976077235
2019-11-11,2120,2120,2075,2095,32171,0.0
2019-11-12,2080,2115,2065,2095,39971,0.0
2019-11-13,2100,2155,2075,2150,159132,0.026252983293556076
2019-11-14,2150,2150,2090,2090,75520,-0.027906976744186074
2019-11-15,2095,2100,2065,2080,71192,-0.004784688995215336
2019-11-18,2105,2105,2075,2090,26690,0.004807692307692291
2019-11-19,2090,2100,2070,2070,22885,-0.009569377990430672
2019-11-20,2060,2080,2060,2060,28146,-0.004830917874396157
2019-11-21,2060,2085,2010,2020,57596,-0.01941747572815533
2019-11-22,2020,2020,1995,2010,25062,-0.004950495049504955
2019-11-25,2010,2030,1990,2000,27965,-0.00497512437810943
2019-11-26,2000,2060,2000,2030,22213,0.014999999999999902
2019-11-27,2020,2070,2015,2045,16956,0.00738916256157629
2019-11-28,2080,2080,2015,2050,31698,0.0024449877750611915
2019-11-29,2010,2060,1995,2030,50944,-0.009756097560975618
2019-12-02,2010,2040,1995,2000,44717,-0.014778325123152691
2019-12-03,1990,2005,1955,1990,18705,-0.0050000000000000044
2019-12-04,1975,1995,1935,1960,49236,-0.015075376884422065
2019-12-05,1970,1995,1915,1940,42330,-0.010204081632653073
2019-12-06,1960,1965,1935,1955,20755,0.0077319587628865705
2019-12-09,1980,1980,1940,1960,16248,0.002557544757033181
2019-12-10,1960,1975,1955,1960,27208,0.0
2019-12-11,1980,1980,1935,1955,19125,-0.0025510204081632404
2019-12-12,1955,1985,1930,1955,22024,0.0
2019-12-13,1955,2000,1955,1985,28363,0.01534526854219953
2019-12-16,2015,2025,1960,2015,31267,0.015113350125944613
2019-12-17,1995,2030,1985,1990,34663,-0.012406947890818865
2019-12-18,1995,2025,1995,2015,24001,0.012562814070351758
2019-12-19,1995,2040,1990,2000,18909,-0.007444168734491274
2019-12-20,2000,2000,1970,1995,31573,-0.0024999999999999467
2019-12-23,1995,2015,1975,1990,25907,-0.0025062656641604564
2019-12-24,2065,2085,1990,1990,132040,0.0
2019-12-26,1970,2025,1970,1990,22841,0.0
2019-12-27,1980,2060,1980,2040,61804,0.025125628140703515
2019-12-30,2060,2110,2005,2080,162414,0.019607843137254832
2020-01-02,2095,2155,2080,2125,57634,0.02163461538461542
2020-01-03,2110,2140,2090,2115,46943,-0.004705882352941226
2020-01-06,2115,2115,2010,2045,58532,-0.03309692671394804
2020-01-07,2045,2070,2040,2045,65938,0.0
2020-01-08,2045,2045,1980,2000,53666,-0.022004889975550168
2020-01-09,2000,2060,2000,2045,41145,0.022499999999999964
2020-01-10,2030,2110,2030,2060,67290,0.007334963325183352
2020-01-13,2060,2110,2060,2080,94156,0.009708737864077666
2020-01-14,2110,2130,2025,2040,131780,-0.019230769230769273
2020-01-15,2055,2055,2025,2055,47244,0.007352941176470562
2020-01-16,2075,2080,2050,2075,45876,0.009732360097323589
2020-01-17,2070,2105,2060,2100,57122,0.012048192771084265
2020-01-20,2100,2110,2050,2060,47677,-0.01904761904761909
2020-01-21,2060,2060,2020,2050,34348,-0.004854368932038833
2020-01-22,2070,2070,2045,2070,33350,0.009756097560975618
2020-01-23,2090,2090,2010,2060,56166,-0.004830917874396157
2020-01-28,2000,2020,1950,1995,98777,-0.03155339805825241
2020-01-29,1995,2010,1975,2010,65451,0.007518796992481258
2020-01-30,1990,2020,1980,1980,64479,-0.014925373134328401
2020-01-31,1980,1995,1955,1970,65423,-0.005050505050505083
2020-02-03,1980,1985,1925,1965,56213,-0.0025380710659898
2020-02-04,1975,1985,1945,1985,43446,0.010178117048346147
2020-02-05,1985,2025,1950,1985,191404,0.0
2020-02-06,2020,2020,1975,1990,52487,0.0025188916876575096
2020-02-07,1990,2025,1970,2025,84437,0.017587939698492372
2020-02-10,2075,2630,2045,2630,13441686,0.2987654320987654
2020-02-11,3025,3415,2970,3415,15210915,0.2984790874524714
2020-02-12,3890,4435,3855,4435,13891530,0.2986822840409955
2020-02-13,5760,5760,5760,5760,808092,0.29875986471251403
2020-02-14,6940,7480,5660,6030,7448680,0.046875
2020-02-17,5630,6360,5630,6200,3915864,0.028192371475953548
2020-02-18,5790,5870,5120,5280,2902538,-0.1483870967741936
2020-02-19,5500,5500,5070,5420,2239941,0.026515151515151603
2020-02-20,5290,5310,4820,5200,2512005,-0.040590405904059046
2020-02-21,4965,6570,4740,4890,30173115,-0.059615384615384626
2020-02-24,4670,4700,3930,4080,10381269,-0.16564417177914115
2020-02-25,4130,4540,3800,4285,11845754,0.05024509803921573
2020-02-26,4060,4250,4000,4120,2663292,-0.03850641773628938
2020-02-27,4080,4480,3700,3825,7903280,-0.07160194174757284
2020-02-28,3745,3825,3440,3525,2132982,-0.07843137254901966
2020-03-02,3600,3955,3500,3670,7520177,0.041134751773049594
2020-03-03,3695,3710,3500,3510,1413441,-0.043596730245231585
2020-03-04,3505,3655,3475,3610,1207077,0.028490028490028463
2020-03-05,3650,3655,3420,3440,1180059,-0.047091412742382266
2020-03-06,3435,3495,3310,3440,798723,0.0
2020-03-09,3360,3395,3145,3250,1037601,-0.05523255813953487
2020-03-10,3145,3815,3135,3425,7265094,0.05384615384615388
2020-03-11,3380,3380,3055,3170,1313097,-0.0744525547445255
2020-03-12,3095,3260,3000,3090,1345724,-0.025236593059936863
2020-03-13,2810,2890,2535,2780,1496378,-0.10032362459546929
2020-03-16,2900,2990,2600,2600,969191,-0.06474820143884896
2020-03-17,2400,2655,2340,2650,854100,0.019230769230769162
2020-03-18,2660,2770,2375,2400,712777,-0.09433962264150941
2020-03-19,2410,2445,1830,1885,1076449,-0.21458333333333335
2020-03-20,1910,2050,1810,1950,915243,0.034482758620689724
2020-03-23,1815,1840,1675,1680,741691,-0.1384615384615384
2020-03-24,1750,1980,1675,1850,907093,0.10119047619047628
2020-03-25,1910,2240,1910,2085,2079242,0.12702702702702706
2020-03-26,2125,2355,2000,2175,1638878,0.043165467625899234
2020-03-27,2245,2365,2060,2190,966333,0.006896551724137945
2020-03-30,2150,2420,2100,2360,964198,0.07762557077625565
2020-03-31,2435,2570,2400,2450,1458560,0.03813559322033888
2020-04-01,2460,3185,2350,3185,2698084,0.30000000000000004
2020-04-02,3500,3910,2890,2950,10005841,-0.07378335949764525
2020-04-03,2965,3600,2935,3160,7494986,0.07118644067796609
2020-04-06,3160,3345,3115,3210,2245281,0.015822784810126667
2020-04-07,3360,3365,3150,3310,1743728,0.031152647975077885
2020-04-08,3310,3870,3200,3355,6683094,0.013595166163141936
2020-04-09,3375,3560,3375,3505,2036271,0.04470938897168408
2020-04-10,3535,3615,3185,3445,2858466,-0.01711840228245365
2020-04-13,3900,4390,3485,3550,14715306,0.030478955007256836
2020-04-14,3570,3690,3390,3500,2695903,-0.014084507042253502
2020-04-16,3595,3695,3510,3610,1664257,0.03142857142857136
2020-04-17,3670,3850,3600,3670,2008586,0.016620498614958512
2020-04-20,3700,3840,3610,3840,1833142,0.04632152588555849
2020-04-21,3840,3840,3200,3630,2032094,-0.0546875
2020-04-22,3550,3590,3340,3570,634271,-0.016528925619834656
2020-04-23,3690,3690,3535,3540,556321,-0.008403361344537785
2020-04-24,3510,3540,3360,3360,753061,-0.05084745762711862
2020-04-27,3440,3560,3385,3500,888072,0.04166666666666674
2020-04-28,3560,3565,3380,3565,884702,0.01857142857142846
2020-04-29,3590,3615,3460,3500,762542,-0.018232819074333828
2020-05-04,3480,3570,3380,3430,737811,-0.020000000000000018
2020-05-06,3490,3585,3455,3495,621561,0.01895043731778423
2020-05-07,3505,3535,3460,3510,435020,0.0042918454935623185
2020-05-08,3560,3560,3450,3470,507717,-0.01139601139601143
2020-05-11,3470,3470,3315,3360,467735,-0.03170028818443804
2020-05-12,3360,3430,3230,3375,496515,0.0044642857142858094
2020-05-13,3350,3485,3340,3410,465300,0.010370370370370363
2020-05-14,3410,3435,3295,3345,289829,-0.019061583577712593
2020-05-15,3380,3380,3200,3205,485629,-0.041853512705530616
2020-05-18,3225,3295,3120,3200,398150,-0.0015600624024960652
2020-05-19,3250,3490,3215,3280,939220,0.02499999999999991
2020-05-20,3300,3425,3250,3400,462963,0.03658536585365857
2020-05-21,3400,3515,3365,3450,697157,0.014705882352941124
2020-05-22,3500,3510,3280,3320,529791,-0.03768115942028982
2020-05-25,3325,3380,3280,3310,256100,-0.003012048192771122
2020-05-26,3330,3340,3270,3320,252157,0.0030211480362538623
2020-05-27,3335,3465,3265,3265,1323750,-0.016566265060240948
2020-05-28,3270,3310,3105,3190,442148,-0.02297090352220521
2020-05-29,3190,3500,3145,3250,1449785,0.018808777429467183
2020-06-01,3250,3330,3240,3290,333953,0.012307692307692353
2020-06-02,3275,3450,3260,3430,1144753,0.042553191489361764
2020-06-03,4035,4035,3555,3655,8700687,0.06559766763848396
2020-06-04,3655,3655,3400,3400,2256769,-0.06976744186046513
2020-06-05,3420,3420,3285,3300,870979,-0.02941176470588236
2020-06-08,3305,3325,3260,3270,419570,-0.009090909090909038
2020-06-09,3270,3325,3215,3225,499989,-0.013761467889908285
2020-06-10,3200,3250,3190,3230,316066,0.0015503875968991832
2020-06-11,3265,3265,3080,3095,543443,-0.04179566563467496
2020-06-12,2250,2685,2250,2545,5487489,-0.17770597738287564
2020-06-15,2510,2510,2100,2140,2557990,-0.1591355599214146
2020-06-16,2065,2335,2010,2200,2050713,0.028037383177569986
2020-06-17,2120,2205,2075,2155,658505,-0.020454545454545503
2020-06-18,2180,2200,2090,2180,402509,0.011600928074245953
2020-06-19,2190,2225,2155,2180,398333,0.0
2020-06-22,2185,2195,2060,2145,230587,-0.016055045871559592
2020-06-23,2100,2200,2070,2115,375890,-0.013986013986013957
2020-06-24,2125,2180,2120,2135,307724,0.009456264775413725
2020-06-25,2110,2145,2060,2085,280048,-0.023419203747072626
2020-06-26,2125,2125,2035,2055,275521,-0.014388489208633115
2020-06-29,2055,2075,2000,2010,179718,-0.021897810218978075
2020-06-30,2005,2175,2000,2095,553491,0.04228855721393043
2020-07-01,2145,2145,2035,2045,152761,-0.023866348448687402
2020-07-02,2065,2150,2035,2140,222436,0.046454767726161306
2020-07-03,2125,2270,2070,2210,402469,0.032710280373831724
2020-07-06,2250,2260,2100,2210,257150,0.0
2020-07-07,2230,2230,2150,2150,204924,-0.02714932126696834
2020-07-08,2180,2245,2140,2240,273753,0.041860465116279055
2020-07-09,2260,2260,2190,2235,142871,-0.0022321428571429047
2020-07-10,2215,2235,2135,2145,165013,-0.04026845637583898
2020-07-13,2150,2210,2030,2180,152070,0.01631701631701632
2020-07-14,2215,2215,2130,2190,123409,0.004587155963302836
2020-07-15,2220,2845,2220,2845,12668975,0.2990867579908676
2020-07-16,2900,3550,2885,2970,17215596,0.04393673110720564
2020-07-17,2915,2915,2670,2755,3437828,-0.07239057239057234
2020-07-20,2795,2815,2575,2635,1930745,-0.04355716878402904
2020-07-21,2580,2725,2500,2580,1785620,-0.020872865275142316
2020-07-22,2555,2640,2505,2515,807898,-0.025193798449612448
2020-07-23,2550,3180,2520,2760,8040459,0.09741550695825052
2020-07-24,2785,2895,2600,2810,2928954,0.018115942028985588
2020-07-27,2835,2995,2755,2890,2132261,0.028469750889679624
2020-07-28,3385,3450,2830,2875,4185634,-0.00519031141868509
2020-07-29,2970,2975,2805,2840,864021,-0.012173913043478257
2020-07-30,2810,2825,2715,2725,545463,-0.040492957746478875
2020-07-31,2730,2795,2725,2730,477632,0.0018348623853210455
2020-08-03,2700,3150,2690,2870,2450296,0.05128205128205132
2020-08-04,2875,2880,2780,2850,583606,-0.006968641114982632
2020-08-05,2855,2870,2785,2800,358562,-0.01754385964912286
2020-08-06,2810,2840,2765,2775,346056,-0.008928571428571397
2020-08-07,2775,2850,2770,2805,324992,0.0108108108108107
2020-08-10,2830,2830,2740,2745,386460,-0.021390374331550777
2020-08-11,2740,2775,2700,2720,306667,-0.00910746812386154
2020-08-12,2770,2825,2685,2730,289243,0.003676470588235281
2020-08-13,2750,2780,2700,2735,347015,0.001831501831501825
2020-08-14,2760,2760,2615,2620,360536,-0.042047531992687404
2020-08-18,2620,2660,2400,2405,407135,-0.08206106870229013
2020-08-19,2370,2500,2370,2490,208201,0.03534303534303529
2020-08-20,2455,2490,2290,2370,294273,-0.048192771084337394
2020-08-21,2380,2950,2315,2515,2209674,0.06118143459915615
2020-08-24,2560,2620,2470,2535,356982,0.007952286282306265
2020-08-25,2535,2880,2500,2630,1340000,0.03747534516765283
2020-08-26,2630,2745,2530,2675,533173,0.017110266159695797
2020-08-27,3015,3140,2665,2710,2471521,0.013084112149532645
2020-08-28,2695,3070,2595,2890,3507773,0.06642066420664205
2020-08-31,2890,3070,2750,2920,2537351,0.01038062283737018
2020-09-01,2970,2970,2815,2835,612091,-0.02910958904109584
2020-09-02,2855,2860,2700,2790,385843,-0.015873015873015928
2020-09-03,2800,3070,2770,2835,2228541,0.016129032258064502
2020-09-04,2740,2810,2740,2770,464117,-0.022927689594356315
2020-09-07,2735,2830,2700,2795,359579,0.00902527075812265
2020-09-08,2795,2875,2750,2765,387939,-0.01073345259391767
2020-09-09,2775,2855,2655,2660,518957,-0.03797468354430378
2020-09-10,2685,3180,2685,2750,6025419,0.03383458646616533
2020-09-11,2760,2790,2715,2735,447045,-0.00545454545454549
2020-09-14,2870,2940,2730,2780,1602382,0.01645338208409508
2020-09-15,2780,2930,2750,2825,1422464,0.01618705035971213
2020-09-16,2870,2875,2775,2805,605356,-0.0070796460176991705
2020-09-17,2825,2825,2725,2740,409288,-0.02317290552584672
2020-09-18,2795,2940,2700,2885,1335189,0.05291970802919699
2020-09-21,2910,2940,2800,2805,555374,-0.02772963604852685
2020-09-22,2855,2925,2775,2855,829361,0.017825311942959
2020-09-23,2875,2885,2760,2805,350280,-0.017513134851138368
2020-09-24,2765,2790,2490,2610,758014,-0.06951871657754005
2020-09-25,2610,2640,2525,2575,236468,-0.013409961685823757
2020-09-28,2620,2690,2585,2690,149824,0.044660194174757306
2020-09-29,2725,2795,2685,2760,259067,0.026022304832713727
2020-10-05,2790,2935,2760,2815,663320,0.019927536231884035
2020-10-06,2840,2900,2815,2840,403274,0.008880994671403242
2020-10-07,2875,2880,2835,2840,261506,0.0
2020-10-08,2880,2885,2820,2855,176588,0.005281690140845008
2020-10-12,2860,2900,2800,2855,208157,0.0
2020-10-13,2855,2870,2800,2830,173536,-0.008756567425569184
2020-10-14,2805,2950,2785,2795,609600,-0.012367491166077715
2020-10-15,2800,2830,2705,2720,245094,-0.02683363148479423
2020-10-16,2720,2770,2610,2635,255415,-0.03125
2020-10-19,2725,2860,2585,2630,1154566,-0.00189753320683117
2020-10-20,2605,2645,2540,2600,368877,-0.011406844106463865
2020-10-21,2910,3030,2690,2745,2886157,0.05576923076923079
2020-10-22,2810,2845,2680,2785,1086990,0.014571948998178597
2020-10-23,2785,2830,2710,2750,349582,-0.012567324955116699
2020-10-26,2760,3100,2645,2660,4298359,-0.032727272727272716
2020-10-27,2650,2695,2620,2695,357933,0.013157894736842035
2020-10-28,2700,2790,2665,2710,469864,0.005565862708719838
2020-10-29,2665,2895,2630,2745,773914,0.012915129151291449
2020-10-30,2925,2930,2715,2760,1376497,0.005464480874316946
2020-11-02,2725,2860,2720,2775,461843,0.005434782608695565
2020-11-03,2780,2840,2740,2760,303223,-0.00540540540540535
2020-11-04,2760,2795,2745,2775,222997,0.005434782608695565
2020-11-05,2815,2815,2770,2785,201115,0.003603603603603567
2020-11-06,2790,2860,2775,2845,460801,0.021543985637342944
2020-11-09,2885,2930,2790,2915,720970,0.024604569420035194
2020-11-10,3255,3255,2930,3025,5057390,0.037735849056603765
2020-11-11,2970,3050,2850,2875,1069341,-0.04958677685950408
2020-11-12,3030,3700,2910,3370,15524977,0.1721739130434783
2020-11-13,3415,3950,3100,3260,15997369,-0.03264094955489616
2020-11-16,3245,3250,3050,3225,2413973,-0.010736196319018454
2020-11-17,3840,3840,3300,3305,8984322,0.024806201550387597
2020-11-18,3385,3590,3190,3380,3834950,0.0226928895612708
2020-11-19,3360,3450,3265,3435,1748836,0.016272189349112454
2020-11-20,3430,3430,3280,3335,856568,-0.02911208151382827
2020-11-23,3295,3450,3220,3360,1090828,0.007496251874062887
2020-11-24,3500,3500,3335,3335,1016649,-0.007440476190476164
2020-11-25,3315,3400,3245,3275,628397,-0.01799100449775115
2020-11-26,3280,3355,3210,3220,431920,-0.016793893129770976
2020-11-27,3220,3285,3000,3240,367595,0.006211180124223503
2020-11-30,3245,3320,3235,3250,330884,0.0030864197530864335
2020-12-01,4185,4185,3520,3545,9045175,0.09076923076923071
2020-12-02,3550,3570,3360,3415,1333538,-0.03667136812411853
2020-12-03,3465,3690,3415,3645,2181962,0.06734992679355778
2020-12-04,3610,3610,3470,3500,822483,-0.03978052126200271
2020-12-07,3490,3490,3345,3420,504355,-0.02285714285714291
2020-12-08,3430,3535,3365,3400,375159,-0.005847953216374324
2020-12-09,3390,3390,3280,3280,423858,-0.03529411764705881
2020-12-10,3245,3300,3120,3245,395026,-0.010670731707317027
2020-12-11,3280,3280,3215,3240,194313,-0.0015408320493066618
2020-12-14,3205,3330,3180,3265,454537,0.007716049382715973
2020-12-15,3260,3285,3205,3230,229995,-0.01071975497702915
2020-12-16,3295,3305,3220,3265,222093,0.010835913312693402
2020-12-17,3265,3540,3200,3280,795905,0.004594180704440953
2020-12-18,3280,3340,3225,3255,507682,-0.007621951219512146
2020-12-21,3285,3285,3105,3145,541400,-0.03379416282642089
2020-12-22,3130,3145,2960,2990,511162,-0.049284578696343395
2020-12-23,3005,3020,2895,2895,333406,-0.0317725752508361
2020-12-24,2885,2975,2880,2925,232614,0.010362694300518172
2020-12-28,2960,2965,2730,2750,322939,-0.05982905982905984
2020-12-29,2740,2860,2735,2840,316991,0.032727272727272716
2020-12-30,2840,3000,2830,2960,361016,0.04225352112676051
2021-01-04,3000,3280,3000,3120,889315,0.054054054054053946
2021-01-05,3120,3200,3080,3140,174965,0.0064102564102563875
2021-01-06,3140,3165,3030,3095,304154,-0.014331210191082855
2021-01-07,3120,3130,3055,3080,170933,-0.004846526655896577
2021-01-08,3090,3115,3005,3010,231927,-0.022727272727272707
2021-01-11,3010,3030,2850,2885,292410,-0.0415282392026578
2021-01-12,2900,2965,2870,2935,230462,0.017331022530329365
2021-01-13,2965,3000,2895,2930,142036,-0.0017035775127768327
2021-01-14,2950,3005,2910,2980,179188,0.017064846416382284
2021-01-15,3000,3240,2930,2960,941232,-0.006711409395973145
2021-01-18,2920,2930,2860,2870,158667,-0.030405405405405372
2021-01-19,2855,2985,2850,2940,219807,0.024390243902439046
2021-01-20,2940,3150,2915,3015,365681,0.025510204081632626
2021-01-21,3105,3125,3000,3020,241924,0.0016583747927032544
2021-01-22,3005,3095,2920,3040,227958,0.0066225165562914245
2021-01-25,3095,3095,3035,3055,161311,0.004934210526315708
2021-01-26,3055,3080,2965,2980,163989,-0.02454991816693941
2021-01-27,3015,3020,2965,2965,134774,-0.005033557046979831
2021-01-28,2935,2935,2800,2865,377900,-0.033726812816188834
2021-01-29,2875,2945,2795,2795,279550,-0.024432809773123898
2021-02-01,2755,2795,2700,2785,210795,-0.003577817531305927
2021-02-02,2815,2880,2785,2855,134455,0.025134649910233398
2021-02-03,2880,2880,2810,2855,112823,0.0
2021-02-04,2885,2890,2820,2890,142179,0.012259194395796813
2021-02-05,2880,2925,2850,2885,101816,-0.0017301038062284002
2021-02-08,2945,2970,2875,2940,139852,0.01906412478336228
2021-02-09,2945,3080,2910,3005,383308,0.022108843537415046
2021-02-10,3055,3055,2985,3025,175575,0.006655574043261225
2021-02-15,3020,3025,2980,2995,114094,-0.00991735537190086
2021-02-16,2995,3140,2975,3050,345516,0.01836393989983298
2021-02-17,3085,3090,3000,3025,178738,-0.008196721311475419
2021-02-18,3025,3095,2980,2990,285656,-0.011570247933884281
2021-02-19,2990,3070,2940,3015,261800,0.008361204013378032
2021-02-22,3010,3055,2875,2880,318691,-0.04477611940298509
2021-02-23,2880,2885,2810,2810,201489,-0.02430555555555558
2021-02-24,2810,2840,2720,2745,292043,-0.02313167259786475
2021-02-25,2780,3085,2755,3050,648779,0.11111111111111116
2021-02-26,3000,3060,2910,2970,251052,-0.02622950819672132
2021-03-02,3060,3060,2900,2900,151521,-0.023569023569023573
2021-03-03,2900,2985,2895,2985,145964,0.02931034482758621
2021-03-04,2980,3060,2905,3055,306669,0.02345058626465657
2021-03-05,3050,3130,2990,3130,226652,0.02454991816693952
2021-03-08,3200,3240,2920,2925,434690,-0.06549520766773165
2021-03-09,2910,3030,2830,2890,174203,-0.011965811965811923
2021-03-10,2940,2965,2870,2895,95552,0.0017301038062282892
2021-03-11,2880,2995,2870,2925,183293,0.010362694300518172
2021-03-12,2925,2955,2875,2955,150576,0.01025641025641022
2021-03-15,2955,3050,2905,3050,200645,0.0321489001692048
2021-03-16,3080,3150,2970,2970,262384,-0.02622950819672132
2021-03-17,2980,3050,2980,3040,252208,0.023569023569023573
2021-03-18,3040,3075,2995,3070,187331,0.009868421052631637
2021-03-19,3015,3090,3005,3090,154165,0.006514657980456029
2021-03-22,3100,3135,3040,3120,224052,0.009708737864077666
2021-03-23,3245,3255,3015,3035,683602,-0.027243589743589758
2021-03-24,3060,3295,2990,3220,1141597,0.060955518945634335
2021-03-25,3160,3220,3115,3145,274543,-0.02329192546583847
2021-03-26,3140,3140,3045,3065,202308,-0.025437201907790197
2021-03-29,3080,3125,3000,3090,166479,0.00815660685154973
2021-03-30,3090,3600,3060,3460,3224951,0.11974110032362462
2021-03-31,3360,3410,3275,3300,943040,-0.046242774566473965
2021-04-01,3330,3515,3260,3340,1432259,0.0121212121212122
2021-04-02,3405,3600,3330,3380,1754564,0.011976047904191711
2021-04-05,3515,3515,3280,3300,1005886,-0.023668639053254448
2021-04-06,3320,3560,3230,3400,1336370,0.030303030303030276
2021-04-07,3470,3550,3315,3390,920420,-0.002941176470588225
2021-04-08,3360,3620,3275,3480,2570406,0.026548672566371723
2021-04-09,3490,3610,3415,3460,1366500,-0.005747126436781658
2021-04-12,3460,3495,3360,3405,601327,-0.01589595375722541
2021-04-13,3415,3755,3295,3555,5905047,0.044052863436123246
2021-04-14,3500,3515,3415,3490,948030,-0.01828410689170179
2021-04-15,3485,3490,3385,3395,419177,-0.027220630372492782
2021-04-16,3395,3420,3290,3295,691557,-0.02945508100147276
2021-04-19,3295,3445,3270,3320,1070682,0.007587253414264028
2021-04-20,3335,3350,3275,3290,237142,-0.009036144578313254
2021-04-21,3290,3290,3195,3230,323482,-0.018237082066869248
2021-04-22,3210,3290,3150,3245,227840,0.004643962848297267
2021-04-23,3215,3240,3180,3190,154155,-0.016949152542372836
2021-04-26,3260,3285,3180,3195,275317,0.0015673981191222097
2021-04-27,3195,3225,3135,3190,211418,-0.0015649452269170805
2021-04-28,3190,3195,3050,3075,260209,-0.036050156739811934
2021-04-29,3075,3135,3025,3050,168231,-0.008130081300813052
2021-04-30,3050,3090,2995,3010,174419,-0.013114754098360604
2021-05-03,3060,3095,2990,2990,164515,-0.006644518272425293
2021-05-04,2990,2990,2850,2940,210878,-0.01672240802675584
2021-05-06,2930,3045,2895,2990,100036,0.017006802721088343
2021-05-07,2975,3060,2975,3025,130136,0.0117056856187292
2021-05-10,3055,3100,3015,3075,179378,0.016528925619834656
2021-05-11,3090,3090,3010,3045,132361,-0.009756097560975618
2021-05-12,3010,3170,2985,3020,332336,-0.008210180623973717
2021-05-13,3000,3070,2960,3015,118900,-0.0016556291390728006
2021-05-14,3020,3075,3010,3015,123482,0.0
2021-05-17,3060,3085,3015,3055,111791,0.013266998341625147
2021-05-18,3045,3085,3005,3085,127134,0.009819967266775809
2021-05-20,3120,3120,3050,3070,104664,-0.004862236628849326
2021-05-21,3060,3115,3020,3080,235962,0.0032573289902280145
2021-05-24,3085,3085,2970,2995,118270,-0.02759740259740262
2021-05-25,3000,3025,2990,3010,70140,0.005008347245408995
2021-05-26,3030,3030,2980,2980,107184,-0.009966777408637828
2021-05-27,2980,3010,2970,2995,115525,0.005033557046979942
2021-05-28,3010,3040,2990,3000,120494,0.0016694490818029983
2021-05-31,3005,3080,3000,3065,146720,0.021666666666666723
2021-06-01,3065,3085,3030,3070,103927,0.0016313213703098572
2021-06-02,3070,3070,2995,3025,281778,-0.014657980456026065
2021-06-03,3030,3045,2995,3020,133220,-0.0016528925619834212
2021-06-04,3040,3040,2980,3015,117265,-0.0016556291390728006
2021-06-07,3015,3030,2980,3010,161867,-0.0016583747927031434
2021-06-08,3010,3030,3000,3015,87505,0.0016611295681063787
2021-06-09,2995,3015,2985,3010,170453,-0.0016583747927031434
2021-06-10,3020,3030,2990,3010,140782,0.0
2021-06-11,3020,3020,2980,3005,145418,-0.0016611295681062677
2021-06-14,3010,3015,2975,2980,125644,-0.008319467554076532
2021-06-15,2980,2995,2950,2960,103673,-0.006711409395973145
2021-06-16,2960,2975,2935,2960,129638,0.0
2021-06-17,2960,2975,2945,2970,87878,0.0033783783783782884
2021-06-18,2975,2980,2860,2935,145126,-0.011784511784511786
2021-06-21,2935,2935,2835,2900,266075,-0.011925042589437829
2021-06-22,2905,2905,2860,2895,827472,-0.0017241379310344307
2021-06-23,2915,3015,2910,2985,356623,0.031088082901554515
2021-06-24,2995,3005,2945,2955,120721,-0.01005025125628145
2021-06-25,2960,3020,2945,2980,290983,0.008460236886632888
2021-06-28,3020,3050,2980,3020,197597,0.01342281879194629
2021-06-29,3005,3045,2955,2965,178981,-0.018211920529801362
2021-06-30,2965,2980,2955,2965,80559,0.0
2021-07-01,2970,3025,2970,3010,196634,0.015177065767284947
2021-07-02,3010,3025,2970,2995,117278,-0.004983388704318914
2021-07-05,2995,3005,2940,3000,103598,0.0016694490818029983
2021-07-06,2980,3010,2975,3000,88977,0.0
2021-07-07,3035,3035,2975,2980,90816,-0.00666666666666671
2021-07-08,2975,2995,2880,2915,193150,-0.021812080536912748
2021-07-09,2890,2890,2800,2840,232937,-0.02572898799313894
2021-07-12,2840,2900,2840,2880,80979,0.014084507042253502
2021-07-13,2880,2940,2880,2920,116218,0.01388888888888884
2021-07-14,2910,2910,2865,2870,98545,-0.017123287671232834
2021-07-15,2870,2890,2850,2870,92342,0.0
2021-07-16,2865,2980,2850,2965,356076,0.03310104529616731
2021-07-19,2970,2975,2880,2910,101651,-0.018549747048903886
2021-07-20,2900,2900,2825,2860,160565,-0.01718213058419249
2021-07-21,2860,2895,2715,2790,204469,-0.02447552447552448
2021-07-22,2800,2920,2800,2855,170242,0.023297491039426577
2021-07-23,2885,2890,2850,2890,149387,0.012259194395796813
2021-07-26,2870,2900,2830,2895,148581,0.0017301038062282892
2021-07-27,2910,2915,2845,2855,72346,-0.013816925734024155
2021-07-28,2885,2885,2800,2860,162688,0.0017513134851139256
2021-07-29,2850,2875,2805,2830,45415,-0.010489510489510523
2021-07-30,2845,2865,2790,2850,94877,0.007067137809187329
2021-08-02,2820,2885,2820,2850,59594,0.0
2021-08-03,2850,2850,2795,2815,129356,-0.012280701754386003
2021-08-04,2820,2840,2800,2840,73762,0.008880994671403242
2021-08-05,2840,2870,2805,2860,66345,0.007042253521126751
2021-08-06,2855,3540,2850,3100,14770876,0.08391608391608396
2021-08-09,3130,3180,3065,3175,3126647,0.024193548387096753
2021-08-10,3300,3330,3040,3060,2275305,-0.03622047244094484
2021-08-11,3035,3975,3000,3255,40321005,0.06372549019607843
2021-08-12,3170,3205,3030,3030,3742897,-0.06912442396313367
2021-08-13,3015,3035,2860,2865,2065756,-0.054455445544554504
2021-08-17,2840,2845,2560,2630,1722484,-0.08202443280977312
2021-08-18,2600,2680,2515,2630,675706,0.0
2021-08-19,2590,2675,2480,2530,633395,-0.03802281368821292
2021-08-20,2525,2555,2380,2400,520298,-0.0513833992094862
2021-08-23,2400,2460,2380,2435,301402,0.014583333333333393
2021-08-24,2465,2575,2445,2560,452987,0.05133470225872694
2021-08-25,2575,2575,2505,2525,240019,-0.013671875
2021-08-26,2525,2555,2515,2535,190051,0.003960396039603964
2021-08-27,2505,2600,2505,2580,224603,0.01775147928994092
2021-08-30,2600,2635,2570,2630,237353,0.019379844961240345
2021-08-31,2645,2655,2600,2640,224047,0.0038022813688212143
2021-09-01,2650,2675,2620,2670,197252,0.011363636363636465
2021-09-02,2650,2680,2635,2665,141520,-0.0018726591760299671
2021-09-03,2660,2745,2660,2700,241357,0.013133208255159401
2021-09-06,2705,2720,2640,2665,181128,-0.012962962962962954
2021-09-07,2665,2725,2645,2700,158658,0.013133208255159401
2021-09-08,2695,2700,2650,2660,156193,-0.014814814814814836
2021-09-09,2640,2690,2600,2605,214973,-0.020676691729323293
2021-09-10,2620,2660,2560,2625,173476,0.007677543186180413
2021-09-13,2630,2700,2590,2620,248043,-0.0019047619047618536
2021-09-14,2630,2650,2585,2630,121096,0.003816793893129722
2021-09-15,2630,2660,2600,2625,121323,-0.0019011406844106071
2021-09-16,2645,2695,2620,2635,163307,0.003809523809523707
2021-09-17,2635,2645,2605,2635,126450,0.0
2021-09-23,2670,3085,2670,2920,8659025,0.10815939278937381
2021-09-24,2925,3210,2865,2880,8723541,-0.013698630136986356
2021-09-27,2925,3080,2860,2955,2126291,0.02604166666666674
2021-09-28,2915,3150,2910,2995,2982253,0.013536379018612488
2021-09-29,2900,3035,2845,2975,787362,-0.006677796327211993
2021-09-30,3035,3130,2965,3020,1159050,0.015126050420168013
2021-10-01,3130,3925,3080,3925,41319815,0.29966887417218535
2021-10-05,4180,4350,3660,3930,25598717,0.001273885350318471
2021-10-06,3930,4050,3800,3935,10873744,0.0012722646310432406
2021-10-07,3935,3990,3545,3710,7644420,-0.057179161372299836
2021-10-08,3925,4775,3895,4050,35137263,0.09164420485175206
2021-10-12,4120,4170,3850,4015,4880013,-0.00864197530864197
2021-10-13,3940,3990,3860,3860,3247912,-0.03860523038605235
2021-10-14,3835,4045,3825,3955,4920665,0.024611398963730657
2021-10-15,3930,4080,3840,4020,5504253,0.01643489254108732
2021-10-18,4000,4170,3950,4070,4340867,0.01243781094527363
2021-10-19,4060,4110,3850,4005,3061356,-0.01597051597051602
2021-10-20,3965,4475,3925,3950,11470182,-0.013732833957553092
2021-10-21,4030,4325,3950,4005,7009301,0.013924050632911467
2021-10-22,4015,4090,3835,3925,2957047,-0.019975031210986316
2021-10-25,3885,3910,3735,3750,1293527,-0.04458598726114649
2021-10-26,3760,3960,3715,3895,1455719,0.03866666666666663
2021-10-27,3895,4230,3870,4100,6010814,0.05263157894736836
2021-10-28,4085,4200,3980,4085,3055598,-0.003658536585365857
2021-10-29,4090,4230,3980,4215,2402582,0.03182374541003674
2021-11-01,4600,4700,4140,4460,11316669,0.058125741399762676
2021-11-02,4380,4530,4310,4350,3040180,-0.024663677130044803
2021-11-03,4280,4350,3980,4085,2568002,-0.060919540229885105
2021-11-04,4085,4115,3750,3890,1638255,-0.04773561811505511
2021-11-05,3855,4150,3805,3990,2648136,0.02570694087403602
2021-11-08,3995,3995,3760,3875,1074049,-0.028822055137844638
2021-11-09,3860,4270,3825,4065,5299326,0.049032258064516165
2021-11-10,4120,5280,4115,5280,31850158,0.29889298892988925
2021-11-11,5640,5720,5020,5280,20297077,0.0
2021-11-12,5250,5470,5020,5280,8153123,0.0
2021-11-15,5220,5570,5150,5530,6724263,0.04734848484848486
2021-11-16,5420,5450,4975,5110,5017286,-0.07594936708860756
2021-11-17,5090,5340,5010,5220,3731724,0.021526418786692814
2021-11-18,5200,5330,4910,5250,3891400,0.005747126436781658
2021-11-19,5210,5290,4880,4930,2268574,-0.06095238095238098
2021-11-22,4935,4960,4620,4715,2275436,-0.04361054766734285
2021-11-23,4715,4845,4520,4530,2039056,-0.03923647932131491
2021-11-24,4500,4710,4430,4685,1774402,0.034216335540838916
2021-11-25,4685,4940,4450,4520,4301613,-0.03521878335112061
2021-11-26,4540,4735,4390,4390,2482948,-0.028761061946902644
2021-11-29,4200,4345,4115,4210,1591662,-0.04100227790432798
2021-11-30,4200,4295,3890,3890,1490910,-0.07600950118764849
2021-12-01,3865,4100,3815,4100,913978,0.05398457583547556
2021-12-02,3995,4070,3880,3905,718960,-0.04756097560975614
2021-12-03,3905,4090,3905,4025,634782,0.030729833546734975
2021-12-06,3955,4005,3900,3960,505650,-0.016149068322981353
2021-12-07,3970,4075,3930,4000,577084,0.010101010101010166
2021-12-08,4055,4065,3905,3910,584542,-0.022499999999999964
2021-12-09,3995,4330,3930,4190,1757097,0.07161125319693085
2021-12-10,4180,4225,4085,4165,533159,-0.005966587112171795
2021-12-13,4225,4230,3930,3965,818724,-0.04801920768307322
2021-12-14,3925,4005,3895,3895,422307,-0.017654476670870167
2021-12-15,3890,3940,3830,3875,399258,-0.005134788189987138
2021-12-16,3875,3950,3830,3830,406769,-0.011612903225806437
2021-12-17,3850,4090,3830,3835,723722,0.0013054830287206887
2021-12-20,4015,4415,3930,3930,3033369,0.024771838331160367
2021-12-21,3900,4255,3820,4240,1712954,0.07888040712468203
2021-12-22,4245,5510,4090,5510,10666490,0.29952830188679247
2021-12-23,5800,7160,5770,5960,47870195,0.08166969147005454
2021-12-24,6050,6350,5870,5980,10638293,0.003355704697986628
2021-12-27,5850,5850,5340,5400,5271586,-0.09698996655518399
2021-12-28,5460,5930,5320,5370,10706166,-0.005555555555555536
2021-12-29,5490,6350,5480,6070,34450078,0.13035381750465547
2021-12-30,6060,6230,5960,6150,7288002,0.01317957166392092
2022-01-03,6170,6500,6080,6340,8977819,0.030894308943089532
2022-01-04,6340,6480,5930,5970,4081461,-0.05835962145110407
2022-01-05,5970,6280,5710,5980,4815636,0.0016750418760469454
2022-01-06,5810,5930,5330,5380,2914471,-0.10033444816053516
2022-01-07,5360,5960,5360,5700,4884591,0.059479553903345694
2022-01-10,5630,5940,5600,5810,2103976,0.019298245614035148
2022-01-11,5780,5790,5270,5450,1537802,-0.061962134251290824
2022-01-12,5600,5670,5300,5550,1039399,0.0183486238532109
2022-01-13,5550,5600,5260,5260,1081314,-0.052252252252252274
2022-01-14,5110,5200,5040,5140,961097,-0.02281368821292773
2022-01-17,5100,5170,5000,5010,632147,-0.02529182879377434
2022-01-18,5030,5290,5000,5020,791363,0.001996007984031989
2022-01-19,4910,5150,4805,4980,601503,-0.007968127490039834
2022-01-20,4970,5400,4915,5250,1273637,0.054216867469879526
2022-01-21,5210,5370,5100,5220,675440,-0.005714285714285672
2022-01-24,5130,5180,4905,4995,647404,-0.0431034482758621
2022-01-25,4995,5070,4655,4720,674482,-0.055055055055055035
2022-01-26,4680,5460,4520,5070,4041334,0.07415254237288127
2022-01-27,5080,5080,4620,4635,1121377,-0.08579881656804733
2022-01-28,4680,4725,4440,4505,811296,-0.028047464940668787
2022-02-03,4600,4730,4430,4430,722089,-0.01664816870144281
2022-02-04,4575,4780,4460,4550,1663541,0.02708803611738153
2022-02-07,4570,4745,4570,4645,782940,0.020879120879120805
2022-02-08,4710,4820,4620,4680,715129,0.00753498385360607
2022-02-09,4740,4740,4550,4550,581763,-0.02777777777777779
2022-02-10,4585,4650,4310,4360,654564,-0.04175824175824172
2022-02-11,4280,4460,4200,4240,544397,-0.02752293577981646
2022-02-14,4150,4180,3955,3960,689106,-0.06603773584905659
2022-02-15,3965,4055,3870,3920,429440,-0.010101010101010055
2022-02-16,4005,4460,4000,4230,2212360,0.07908163265306123
2022-02-17,4210,4530,4010,4130,2386255,-0.023640661938534313
2022-02-18,4040,4240,3985,4195,430529,0.0157384987893463
2022-02-21,4085,4170,4045,4135,360033,-0.014302741358760418
2022-02-22,4050,4120,3980,3995,422624,-0.03385731559854899
2022-02-23,4010,4090,3995,4025,294727,0.007509386733416834
2022-02-24,3995,4005,3795,3825,743573,-0.0496894409937888
2022-02-25,3950,3975,3855,3900,378180,0.019607843137254832
2022-02-28,3925,4020,3865,3925,361319,0.0064102564102563875
2022-03-02,3925,4010,3925,3990,312456,0.016560509554140124
2022-03-03,4080,4170,3990,4040,549009,0.012531328320801949
2022-03-04,4005,4075,3915,3950,362591,-0.022277227722772297
2022-03-07,3930,3930,3810,3820,328603,-0.032911392405063244
2022-03-08,3725,3850,3720,3745,283933,-0.01963350785340312
2022-03-10,3865,3945,3820,3860,259352,0.030707610146862407
2022-03-11,3910,3975,3850,3915,229940,0.014248704663212486
2022-03-14,3945,3950,3745,3765,408642,-0.03831417624521072
2022-03-15,3765,3820,3735,3795,234016,0.007968127490039834
2022-03-16,3870,3910,3805,3870,494613,0.01976284584980248
2022-03-17,4270,4280,4000,4025,2386367,0.040051679586563305
2022-03-18,4025,5110,3950,4540,13548968,0.1279503105590063
2022-03-21,4585,4840,4560,4580,3432149,0.008810572687224738
2022-03-22,4740,4880,4630,4670,3825662,0.01965065502183405
2022-03-23,4575,4870,4555,4725,1954315,0.01177730192719495
2022-03-24,4650,4685,4560,4675,629795,-0.010582010582010581
2022-03-25,4675,4985,4620,4755,3814847,0.01711229946524062
2022-03-28,4765,4830,4610,4765,696385,0.002103049421661396
2022-03-29,4900,4900,4720,4740,830814,-0.005246589716684125
2022-03-30,4790,4790,4625,4630,451211,-0.02320675105485237
2022-03-31,4630,4760,4615,4695,474890,0.014038876889848728
2022-04-01,4615,4780,4590,4685,481535,-0.0021299254526091493
2022-04-04,4685,4685,4610,4655,430279,-0.006403415154749181
2022-04-05,4655,4705,4615,4630,312814,-0.00537056928034374
2022-04-06,4635,4800,4605,4670,1072666,0.008639308855291628
2022-04-07,4670,4670,4370,4380,599556,-0.062098501070663836
2022-04-08,4330,4460,4280,4410,338644,0.006849315068493178
2022-04-11,4410,4470,4250,4250,273647,-0.03628117913832196
2022-04-12,4235,4320,4090,4090,377001,-0.03764705882352937
2022-04-13,4105,4520,4080,4185,1715302,0.023227383863080764
2022-04-14,4230,4280,4135,4170,335239,-0.0035842293906810374
2022-04-15,4110,4210,4105,4155,230583,-0.003597122302158251
2022-04-18,4155,4225,4140,4140,248998,-0.0036101083032491488
2022-04-19,4120,4210,4100,4150,219147,0.0024154589371980784
2022-04-20,4170,4250,4135,4180,318454,0.0072289156626506035
2022-04-21,4190,4240,4165,4215,225234,0.00837320574162681
2022-04-22,4210,4210,4025,4090,327043,-0.029655990510083052
2022-04-25,4000,4075,3950,3965,265356,-0.030562347188264005
2022-04-26,3970,4070,3970,3990,165131,0.006305170239596425
2022-04-27,3850,3980,3850,3960,258150,-0.007518796992481258
2022-04-28,4000,4030,3750,3885,201973,-0.018939393939393923
2022-04-29,3890,4010,3890,3930,162913,0.01158301158301156
2022-05-02,3890,3955,3865,3950,150801,0.0050890585241729624
2022-05-03,3970,4000,3900,3975,136009,0.006329113924050667
2022-05-04,3980,3980,3885,3920,180841,-0.01383647798742138
2022-05-06,3820,3870,3795,3840,238408,-0.020408163265306145
2022-05-09,3840,3900,3630,3695,290147,-0.03776041666666663
2022-05-10,3595,3685,3400,3610,345978,-0.023004059539918797
2022-05-11,3640,3685,3490,3500,488823,-0.030470914127423865
2022-05-12,3470,3490,3225,3240,538446,-0.07428571428571429
2022-05-13,3230,3340,3215,3290,247707,0.015432098765432167
2022-05-16,3290,3465,3290,3370,228489,0.024316109422492405
2022-05-17,3370,3420,3335,3375,127142,0.0014836795252226587
2022-05-18,3410,3420,3290,3295,236141,-0.02370370370370367
2022-05-19,3150,3285,3100,3150,272683,-0.04400606980273136
2022-05-20,3200,3400,3175,3315,357964,0.05238095238095242
2022-05-23,3330,3495,3225,3300,552913,-0.004524886877828038
2022-05-24,3310,3350,3095,3175,180772,-0.037878787878787845
2022-05-25,3210,3490,3115,3240,805835,0.020472440944881987
2022-05-26,3240,3450,3240,3410,691151,0.05246913580246915
2022-05-27,3425,3425,3355,3385,202035,-0.007331378299120228
2022-05-30,3500,3550,3430,3490,479591,0.03101920236336775
2022-05-31,3525,3595,3475,3530,299602,0.011461318051575908
2022-06-02,3585,3590,3440,3440,197732,-0.025495750708215303
2022-06-03,3445,3930,3400,3525,2754552,0.024709302325581328
2022-06-07,3510,3530,3420,3420,277856,-0.029787234042553234
2022-06-08,3450,3450,3345,3365,169050,-0.016081871345029253
2022-06-09,3335,3385,3280,3300,134584,-0.019316493313521588
2022-06-10,3235,3345,3235,3260,138194,-0.012121212121212088
2022-06-13,3200,3230,3050,3080,392814,-0.05521472392638038
2022-06-14,3010,3100,2970,3015,208751,-0.02110389610389607
2022-06-15,2970,3020,2835,2865,240537,-0.04975124378109452
2022-06-16,2910,2985,2870,2890,139594,0.008726003490401313
2022-06-17,2785,2930,2770,2930,171943,0.01384083044982698
2022-06-20,2640,2925,2640,2770,304920,-0.05460750853242324
2022-06-21,2740,2860,2700,2780,171976,0.0036101083032491488
2022-06-22,2820,2825,2540,2570,263379,-0.07553956834532372
2022-06-23,2595,2615,2415,2430,264167,-0.054474708171206254
2022-06-24,2375,2560,2375,2555,206762,0.05144032921810693
2022-06-27,2545,2680,2520,2610,218386,0.021526418786692814
2022-06-28,2605,2715,2605,2635,141551,0.009578544061302763
2022-06-29,2575,2695,2555,2690,113665,0.020872865275142205
2022-06-30,2720,2720,2590,2600,116399,-0.03345724907063197
2022-07-01,2570,2655,2490,2540,105668,-0.023076923076923106
2022-07-04,2515,2595,2420,2490,172707,-0.019685039370078705
2022-07-05,2500,2590,2480,2555,90574,0.026104417670682833
2022-07-06,2550,2730,2530,2610,252891,0.021526418786692814
2022-07-07,2615,2655,2605,2645,99168,0.013409961685823646
2022-07-08,2690,2720,2645,2695,100010,0.018903591682419618
2022-07-11,2780,2795,2675,2735,178639,0.014842300556586308
2022-07-12,2730,2730,2600,2640,146029,-0.034734917733089565
2022-07-13,2640,3165,2600,2735,2607657,0.0359848484848484
2022-07-14,2705,3230,2640,2945,12029788,0.07678244972577697
2022-07-15,2990,3075,2930,3030,1973080,0.028862478777589073
2022-07-18,3080,3100,2950,2950,1420242,-0.02640264026402639
2022-07-19,2940,3000,2925,2990,314249,0.013559322033898313
2022-07-20,3020,3060,2925,2930,567568,-0.02006688963210701
2022-07-21,2935,3040,2920,2995,458545,0.022184300341296925
2022-07-22,2995,3200,2940,3000,1094692,0.0016694490818029983
2022-07-25,2965,3160,2960,3110,656402,0.036666666666666625
2022-07-26,3130,3130,3040,3060,370831,-0.01607717041800638
2022-07-27,3070,3095,3030,3040,196368,-0.006535947712418277
2022-07-28,3075,3090,2985,2985,249960,-0.018092105263157854
2022-07-29,2995,3035,2995,3010,118727,0.008375209380234505
2022-08-01,3000,3030,2965,3005,157133,-0.0016611295681062677
2022-08-02,3035,3035,2920,2970,217671,-0.011647254575707144
2022-08-03,2965,3055,2930,3035,289518,0.02188552188552184
2022-08-04,3060,3350,3035,3230,3063116,0.06425041186161451
2022-08-05,3205,3215,3115,3115,467653,-0.035603715170278605
2022-08-08,3115,3170,3035,3140,328972,0.008025682182985605
2022-08-09,3140,3170,3090,3140,181969,0.0
2022-08-10,3080,3145,3025,3025,264038,-0.0366242038216561
2022-08-11,3030,3095,3000,3030,172612,0.0016528925619834212
2022-08-12,3030,3050,2995,3020,105619,-0.0033003300330033403
2022-08-16,3020,3035,2995,3000,134082,-0.0066225165562914245
2022-08-17,2985,3000,2925,2925,215609,-0.025000000000000022
2022-08-18,2930,2930,2785,2870,212522,-0.018803418803418848
2022-08-19,2875,2910,2765,2795,138182,-0.026132404181184676
2022-08-22,2745,2845,2720,2770,168456,-0.008944543828264706
2022-08-23,2745,2745,2680,2710,184541,-0.02166064981949456
2022-08-24,2720,2750,2695,2720,88555,0.0036900369003689537
2022-08-25,2740,2855,2735,2795,183838,0.02757352941176472
2022-08-26,2815,2815,2760,2790,114315,-0.0017889087656529634
2022-08-29,2685,2740,2680,2720,119982,-0.02508960573476704
2022-08-30,2720,2770,2720,2750,45274,0.011029411764705843
2022-08-31,2720,2775,2700,2765,72764,0.005454545454545379
2022-09-01,2750,2770,2675,2680,116185,-0.030741410488245968
2022-09-02,2685,2720,2600,2610,181607,-0.026119402985074647
2022-09-05,2580,2645,2560,2605,102966,-0.0019157088122605526
2022-09-06,2600,2685,2595,2670,144322,0.0249520153550864
2022-09-07,2670,2670,2580,2610,99352,-0.022471910112359605
2022-09-08,2650,2660,2615,2620,63865,0.003831417624521105
2022-09-13,2645,3080,2645,2950,4928446,0.12595419847328237
2022-09-14,2905,3080,2880,2905,1426486,-0.015254237288135575
2022-09-15,2890,2910,2750,2790,750508,-0.03958691910499135
2022-09-16,2735,2805,2680,2695,326402,-0.03405017921146958
2022-09-19,2680,2695,2580,2585,397143,-0.04081632653061229
2022-09-20,2660,2660,2595,2625,110168,0.015473887814313247
2022-09-21,2585,2630,2535,2545,248427,-0.030476190476190435
2022-09-22,2490,3150,2440,2715,8711168,0.06679764243614938
2022-09-23,2740,2965,2665,2690,2990883,-0.009208103130755041
2022-09-26,2675,2675,2415,2415,874723,-0.10223048327137552
2022-09-27,2370,2455,2350,2405,259423,-0.0041407867494823725
2022-09-28,2405,2435,2200,2220,326293,-0.07692307692307687
2022-09-29,2235,2420,2235,2275,258661,0.024774774774774855
2022-09-30,2195,2555,2180,2305,635513,0.01318681318681314
2022-10-04,2320,2550,2315,2385,666344,0.03470715835141003
2022-10-05,2440,2445,2325,2325,167166,-0.02515723270440251
2022-10-06,2330,2390,2330,2360,167154,0.01505376344086029
2022-10-07,2340,2440,2330,2380,171916,0.008474576271186418
2022-10-11,2380,2380,2270,2280,122230,-0.04201680672268904
2022-10-12,2280,2340,2245,2280,62602,0.0
2022-10-13,2245,2295,2210,2220,139532,-0.02631578947368418
2022-10-14,2245,2325,2245,2285,115622,0.029279279279279313
2022-10-17,2295,2420,2245,2375,185137,0.03938730853391692
2022-10-18,2405,2490,2400,2430,160417,0.023157894736842044
2022-10-19,2490,2510,2430,2440,128807,0.004115226337448652
2022-10-20,2440,2470,2380,2420,98098,-0.008196721311475419
2022-10-21,2405,2405,2350,2365,66047,-0.022727272727272707
2022-10-24,2445,2450,2380,2400,50865,0.014799154334038
2022-10-25,2395,2420,2385,2390,50859,-0.004166666666666652
2022-10-26,2390,2425,2385,2395,46314,0.0020920502092049986
2022-10-27,2355,2480,2300,2425,173244,0.012526096033402823
2022-10-28,2395,2430,2345,2360,81392,-0.026804123711340222
2022-10-31,2370,2445,2350,2410,67818,0.021186440677966045
2022-11-01,2450,2450,2395,2435,96667,0.010373443983402453
2022-11-02,2435,2440,2395,2415,38174,-0.008213552361396315
2022-11-03,2380,2420,2375,2400,60113,-0.006211180124223614
2022-11-04,2400,2425,2370,2400,106870,0.0
2022-11-07,2400,2440,2390,2425,109146,0.01041666666666674
2022-11-08,2425,2500,2425,2490,152514,0.02680412371134011
2022-11-09,2530,2530,2470,2495,154853,0.002008032128514081
2022-11-10,2460,2485,2430,2440,73210,-0.022044088176352727
2022-11-11,2510,2535,2450,2535,205569,0.03893442622950816
2022-11-14,2595,2600,2530,2555,159421,0.007889546351084853
2022-11-15,2600,2600,2510,2570,118878,0.005870841487279899
2022-11-16,2580,2595,2490,2520,166723,-0.01945525291828798
2022-11-17,2520,2545,2490,2530,93448,0.003968253968253954
2022-11-18,2555,2620,2535,2540,183695,0.0039525691699604515
2022-11-21,2545,2585,2500,2515,107048,-0.009842519685039353
2022-11-22,2465,2525,2460,2480,89107,-0.013916500994035741
2022-11-23,2585,2700,2530,2560,1125542,0.032258064516129004
2022-11-24,2565,2890,2535,2745,1262230,0.072265625
2022-11-25,2745,2840,2730,2775,525918,0.010928961748633892
2022-11-28,2855,3115,2790,2920,3189007,0.05225225225225216
2022-11-29,2925,2925,2805,2810,455066,-0.03767123287671237
2022-11-30,2855,2880,2755,2755,325722,-0.019572953736654797
2022-12-01,2755,3055,2735,2880,1832652,0.04537205081669682
2022-12-02,2880,3010,2830,3000,868597,0.04166666666666674
2022-12-05,3065,3065,2860,2870,532137,-0.043333333333333335
2022-12-06,2850,2855,2785,2785,171649,-0.029616724738675937
2022-12-07,2800,3165,2595,2995,3035024,0.07540394973070019
2022-12-08,3020,3270,2860,2975,2244673,-0.006677796327211993
2022-12-09,3065,3685,3060,3455,22873140,0.16134453781512614
2022-12-12,3490,3635,3360,3405,6773280,-0.01447178002894356
2022-12-13,3390,3390,3115,3150,1559739,-0.07488986784140972
2022-12-14,3135,3205,3045,3075,1152573,-0.023809523809523836
2022-12-15,3065,3070,2935,2990,697334,-0.027642276422764178
2022-12-16,2900,3145,2890,2950,2296226,-0.013377926421404673
2022-12-19,3245,3435,3050,3125,4822701,0.05932203389830515
2022-12-20,3100,3100,2880,2905,860058,-0.07040000000000002
2022-12-21,2860,2965,2825,2825,716040,-0.027538726333907082
2022-12-22,2820,2855,2790,2800,372975,-0.008849557522123908
2022-12-23,2745,2770,2650,2655,451939,-0.051785714285714324
2022-12-26,2675,2700,2630,2635,273546,-0.007532956685499026
2022-12-27,2620,2650,2565,2585,355690,-0.018975332068311146
2022-12-28,2585,2695,2560,2680,256397,0.03675048355899424
2022-12-29,2685,2755,2630,2640,246424,-0.014925373134328401
2023-01-02,2605,2695,2535,2540,177355,-0.037878787878787845
2023-01-03,2500,2625,2480,2605,275175,0.025590551181102317
2023-01-04,2570,2625,2540,2610,148371,0.0019193857965451588
2023-01-05,2610,2670,2560,2580,193191,-0.011494252873563204
2023-01-06,2580,2625,2565,2615,126852,0.013565891472868241
2023-01-09,2615,2660,2615,2660,216746,0.017208413001912115
2023-01-10,2670,2690,2610,2660,210752,0.0
2023-01-11,2665,2720,2660,2690,224308,0.011278195488721776
2023-01-12,2715,2750,2660,2660,156088,-0.01115241635687736
2023-01-13,2675,2710,2655,2700,104063,0.015037593984962516
2023-01-16,2740,2995,2690,2785,1446522,0.031481481481481444
2023-01-17,2805,2870,2790,2830,397628,0.016157989228007263
2023-01-18,2865,2865,2735,2750,214458,-0.028268551236749095
2023-01-19,2740,3010,2685,2800,2338087,0.018181818181818077
2023-01-20,2810,2875,2755,2840,382650,0.014285714285714235
2023-01-25,2870,2950,2850,2900,643956,0.021126760563380254
2023-01-26,2900,2950,2865,2905,423566,0.0017241379310344307
2023-01-27,2905,2940,2865,2915,273409,0.0034423407917383297
2023-01-30,2930,2940,2875,2930,216912,0.005145797598627766
2023-01-31,2925,2930,2865,2890,200991,-0.013651877133105783
2023-02-01,2875,2945,2865,2930,278897,0.01384083044982698
2023-02-02,2980,2980,2910,2925,176537,-0.0017064846416382506
2023-02-03,2940,2970,2895,2955,249077,0.01025641025641022
2023-02-06,2970,2985,2900,2920,198914,-0.011844331641285955
2023-02-07,2965,2965,2885,2890,272889,-0.010273972602739767
2023-02-08,2890,2905,2830,2865,433224,-0.00865051903114189
2023-02-09,2900,2950,2865,2900,365086,0.01221640488656206
2023-02-10,2885,2900,2730,2805,452378,-0.03275862068965518
2023-02-13,2810,3450,2760,2985,9832579,0.06417112299465244
2023-02-14,3025,3160,2930,2975,3381625,-0.00335008375209378
2023-02-15,2955,2970,2835,2835,597323,-0.04705882352941182
2023-02-16,2860,2895,2820,2860,271006,0.008818342151675429
2023-02-17,2830,2835,2800,2800,286172,-0.020979020979020935
2023-02-20,2775,2850,2730,2825,200182,0.008928571428571397
2023-02-21,2805,2850,2800,2805,117546,-0.0070796460176991705
2023-02-22,2770,2825,2755,2795,235532,-0.0035650623885917776
2023-02-23,2795,2805,2725,2730,245216,-0.023255813953488413
2023-02-24,2730,2730,2640,2640,348065,-0.03296703296703296
2023-02-27,2620,2645,2575,2610,159255,-0.011363636363636354
2023-02-28,2610,2850,2610,2720,659902,0.04214559386973171
2023-03-02,2680,2730,2675,2690,135909,-0.011029411764705843
2023-03-03,2690,2710,2670,2680,124075,-0.0037174721189591198
2023-03-06,2700,2740,2685,2720,114405,0.014925373134328401
2023-03-07,2720,2735,2680,2690,110389,-0.011029411764705843
2023-03-08,2665,2705,2630,2640,113320,-0.018587360594795488
2023-03-09,2605,2665,2585,2615,139917,-0.009469696969697017
2023-03-10,2580,2580,2530,2545,158219,-0.026768642447418722
2023-03-13,2545,2620,2500,2570,89879,0.00982318271119853
2023-03-14,2530,2570,2430,2435,176364,-0.05252918287937747
2023-03-15,2480,2510,2450,2475,60377,0.01642710472279263
2023-03-16,2450,2450,2310,2440,109910,-0.014141414141414121
2023-03-17,2440,2555,2435,2535,65081,0.03893442622950816
2023-03-20,2535,2560,2490,2510,106742,-0.009861932938856066
2023-03-21,2510,2575,2465,2465,127846,-0.017928286852589626
2023-03-22,2490,2530,2445,2445,110360,-0.008113590263691739
2023-03-23,2430,2520,2405,2465,160382,0.008179959100204526
2023-03-24,2545,2545,2415,2535,126564,0.028397565922920975
2023-03-27,2525,2560,2485,2545,151768,0.0039447731755424265
2023-03-28,2520,2645,2520,2605,184712,0.023575638506876162
2023-03-29,2635,2640,2575,2585,91843,-0.007677543186180413
2023-03-30,2565,2605,2555,2595,86705,0.003868471953578423
2023-03-31,2595,2615,2560,2585,99732,-0.003853564547206201
2023-04-03,2585,2605,2510,2600,114881,0.005802707930367523
2023-04-04,2580,2640,2575,2635,125353,0.013461538461538414
2023-04-05,2630,2670,2620,2670,93967,0.013282732447817747
2023-04-06,2685,2685,2585,2610,151479,-0.022471910112359605
2023-04-07,2610,2635,2550,2570,140450,-0.01532567049808431
2023-04-10,2570,2600,2505,2520,143330,-0.01945525291828798
2023-04-11,2520,2545,2495,2535,124442,0.005952380952380931
2023-04-12,2555,2555,2500,2545,85561,0.0039447731755424265
2023-04-13,2520,2595,2515,2595,121080,0.01964636542239684
2023-04-14,2595,2640,2585,2600,113063,0.0019267822736031004
2023-04-17,2580,2620,2570,2620,92779,0.007692307692307665
2023-04-18,2595,2620,2580,2610,84755,-0.003816793893129722
2023-04-19,2600,2610,2495,2580,376640,-0.011494252873563204
2023-04-20,2560,2575,2490,2500,223664,-0.03100775193798455
2023-04-21,2500,2505,2450,2495,80736,-0.0020000000000000018
2023-04-24,2495,2495,2435,2440,107695,-0.022044088176352727
2023-04-25,2505,2695,2450,2460,542538,0.008196721311475308
2023-04-26,2480,2500,2435,2435,118002,-0.010162601626016232
2023-04-27,2435,2455,2405,2450,80023,0.006160164271047153
2023-04-28,2465,2475,2425,2440,60966,-0.004081632653061273
2023-05-02,2440,2480,2420,2450,53533,0.004098360655737654
2023-05-03,2440,2485,2430,2465,80311,0.00612244897959191
2023-05-04,2445,2480,2430,2465,85959,0.0
2023-05-08,2460,2490,2460,2475,82976,0.0040567951318457585
2023-05-09,2460,2495,2450,2450,53218,-0.010101010101010055
2023-05-10,2465,2465,2420,2440,92325,-0.004081632653061273
2023-05-11,2440,2440,2400,2405,131575,-0.014344262295082011
2023-05-12,2405,2415,2370,2370,105574,-0.014553014553014498
2023-05-15,2385,2385,2315,2335,115674,-0.014767932489451518
2023-05-16,2335,2365,2320,2325,74835,-0.004282655246252709
2023-05-17,2350,2395,2320,2375,131946,0.021505376344086002
2023-05-18,2380,2405,2345,2350,57356,-0.010526315789473717
2023-05-19,2360,2395,2355,2370,110954,0.008510638297872353
2023-05-22,2370,2410,2370,2400,55171,0.012658227848101333
2023-05-23,2390,2420,2390,2405,36856,0.002083333333333437
2023-05-24,2425,2425,2380,2380,46575,-0.01039501039501034
2023-05-25,2370,2390,2360,2370,49286,-0.004201680672268893
2023-05-26,2370,2380,2330,2335,98268,-0.014767932489451518
2023-05-30,2370,2390,2350,2385,79899,0.021413276231263323
2023-05-31,2400,2400,2365,2370,29851,-0.0062893081761006275
2023-06-01,2350,2390,2350,2370,36310,0.0
2023-06-02,2385,2400,2365,2370,61107,0.0
2023-06-05,2390,2400,2370,2390,50017,0.00843881856540074
2023-06-07,2390,2405,2380,2395,57385,0.0020920502092049986
2023-06-08,2395,2395,2365,2380,58026,-0.006263048016701411
2023-06-09,2380,2405,2380,2395,58000,0.006302521008403339
2023-06-12,2400,2410,2380,2400,85132,0.0020876826722338038
2023-06-13,2425,2425,2395,2400,39475,0.0
2023-06-14,2400,2425,2355,2360,99372,-0.01666666666666672
2023-06-15,2380,2380,2310,2350,125489,-0.004237288135593209
2023-06-16,2350,2375,2310,2340,71303,-0.004255319148936176
2023-06-19,2370,2370,2325,2350,52069,0.004273504273504258
2023-06-20,2330,2750,2330,2425,1958313,0.03191489361702127
2023-06-21,2470,2475,2400,2400,241912,-0.010309278350515427
2023-06-22,2390,2420,2380,2385,69635,-0.006249999999999978
2023-06-23,2385,2415,2360,2370,68044,-0.0062893081761006275
2023-06-26,2360,2585,2350,2515,620141,0.06118143459915615
2023-06-27,2515,2545,2480,2505,136496,-0.003976143141153132
2023-06-28,2500,2525,2460,2460,56587,-0.017964071856287456
2023-06-29,2485,2555,2475,2495,190996,0.014227642276422703
2023-06-30,2530,2530,2460,2460,73070,-0.014028056112224463
2023-07-03,2465,2540,2465,2470,110979,0.004065040650406582
2023-07-04,2460,2475,2440,2470,80079,0.0
2023-07-05,2470,2490,2430,2435,74300,-0.014170040485829927
2023-07-06,2435,2455,2375,2385,90906,-0.02053388090349073
2023-07-07,2410,2410,2340,2360,59895,-0.010482180293501009
2023-07-10,2355,2365,2330,2340,43756,-0.008474576271186418
2023-07-11,2380,2380,2335,2350,32857,0.004273504273504258
2023-07-12,2390,2390,2320,2320,60727,-0.012765957446808529
2023-07-13,2320,2345,2320,2330,66823,0.004310344827586299
2023-07-14,2325,2350,2315,2325,82401,-0.0021459227467811592
2023-07-17,2350,2355,2195,2240,318464,-0.03655913978494618
2023-07-18,2225,2275,2225,2235,75172,-0.0022321428571429047
2023-07-19,2225,2255,2200,2210,71439,-0.01118568232662187
2023-07-20,2200,2210,2185,2200,74716,-0.004524886877828038
2023-07-21,2185,2235,1962,1976,909388,-0.10181818181818181
2023-07-24,1976,2055,1807,1874,461594,-0.05161943319838058
2023-07-25,1789,1864,1771,1859,274769,-0.008004268943436532
2023-07-26,1859,1862,1630,1649,544513,-0.11296395911780532
2023-07-27,1670,1870,1670,1809,348256,0.09702850212249858
2023-07-28,1791,1850,1791,1840,90360,0.01713653952459926
2023-07-31,1831,1868,1786,1868,80934,0.01521739130434785
2023-08-01,1884,1885,1851,1869,70920,0.0005353319057814776
2023-08-02,1851,1870,1818,1830,135302,-0.020866773675762396
2023-08-03,1835,1860,1797,1855,59147,0.013661202185792254
2023-08-04,1856,1931,1852,1893,117786,0.020485175202156425
2023-08-07,1893,1932,1850,1893,86606,0.0
2023-08-08,1900,1902,1834,1841,100175,-0.027469624933967207
2023-08-09,1807,1902,1807,1895,88662,0.02933188484519289
2023-08-10,1895,1975,1877,1973,179206,0.04116094986807384
2023-08-11,1974,2040,1973,2005,136872,0.016218955904713672
2023-08-14,1995,2150,1995,2070,200499,0.032418952618453956
2023-08-16,2020,2055,1944,1947,120110,-0.05942028985507242
2023-08-17,1956,1974,1901,1939,49138,-0.004108885464817691
2023-08-18,1939,1964,1923,1925,45347,-0.0072202166064981865
2023-08-21,1906,1955,1906,1934,39745,0.00467532467532461
2023-08-22,1937,1950,1927,1927,40142,-0.003619441571871773
2023-08-23,1950,1950,1880,1894,81389,-0.01712506486766996
2023-08-24,1851,1927,1838,1843,249323,-0.02692713833157334
2023-08-25,1845,1869,1837,1863,30715,0.01085187194791093
2023-08-28,1855,1908,1855,1903,71583,0.021470746108427363
2023-08-29,1946,1946,1908,1921,23126,0.009458749343142392
2023-08-30,1916,1930,1914,1920,34526,-0.0005205622071837723
2023-08-31,1920,1936,1916,1933,59976,0.0067708333333333925
2023-09-01,1941,1980,1922,1932,59674,-0.0005173305742369738
2023-09-04,1932,1932,1900,1906,74911,-0.01345755693581785
2023-09-05,1918,1918,1875,1882,43152,-0.012591815320041944
2023-09-06,1881,1949,1864,1890,38260,0.004250797024442088
2023-09-07,1862,1883,1838,1871,63638,-0.010052910052910091
2023-09-08,1865,1920,1835,1846,140999,-0.013361838588989872
2023-09-11,1850,1864,1840,1864,75766,0.009750812567713929
2023-09-12,1864,1920,1861,1886,70287,0.011802575107296098
2023-09-13,1868,1890,1857,1862,66413,-0.012725344644750836
2023-09-14,1890,1915,1861,1912,71786,0.02685284640171859
2023-09-15,1914,1944,1870,1907,24100,-0.0026150627615062483
2023-09-18,1907,1944,1907,1908,177617,0.000524383848977461
2023-09-19,1900,1937,1900,1929,58607,0.011006289308176154
2023-09-20,1922,2225,1922,2140,2090823,0.10938310005184038
2023-09-21,2140,2165,2000,2005,378754,-0.06308411214953269
2023-09-22,2005,2005,1891,1913,206547,-0.04588528678304238
2023-09-25,1990,1990,1836,1841,166796,-0.03763721902770523
2023-09-26,1840,1874,1814,1829,101827,-0.00651819663226505
2023-09-27,1830,1844,1777,1817,130957,-0.006560962274466897
2023-10-04,1817,1818,1668,1694,193122,-0.06769400110071544
2023-10-05,1702,1720,1681,1688,56278,-0.0035419126328217754
2023-10-06,1673,1718,1673,1698,37171,0.005924170616113722
2023-10-10,1711,1743,1656,1660,72676,-0.0223792697290931
2023-10-11,1655,1698,1655,1683,32363,0.013855421686747027
2023-10-12,1683,1717,1665,1704,33545,0.012477718360071277
2023-10-13,1714,1714,1682,1704,34894,0.0
2023-10-16,1704,1780,1704,1737,77435,0.01936619718309851
2023-10-17,1730,1779,1730,1745,27597,0.004605641911341385
2023-10-18,1745,1760,1691,1696,56659,-0.028080229226360998
2023-10-19,1696,1696,1620,1644,43676,-0.030660377358490587
2023-10-20,1644,1650,1618,1618,79319,-0.015815085158150888
2023-10-23,1601,1620,1565,1565,42281,-0.032756489493201535
2023-10-24,1556,1994,1500,1649,1546781,0.053674121405750785
2023-10-25,1730,1730,1624,1644,169953,-0.003032140691328067
2023-10-26,1644,1675,1581,1591,78443,-0.03223844282238442
2023-10-27,1560,1620,1541,1589,77752,-0.0012570710245128902
2023-10-30,1590,1593,1569,1589,27301,0.0
2023-10-31,1589,1612,1566,1573,41366,-0.010069225928256764
2023-11-01,1580,1585,1565,1580,21442,0.004450095359186168
2023-11-02,1580,1604,1578,1595,50890,0.009493670886076
2023-11-03,1602,1629,1595,1622,45362,0.01692789968652031
2023-11-06,1622,1674,1622,1653,72711,0.019112207151664506
2023-11-07,1640,1665,1635,1655,33109,0.001209921355111998
2023-11-08,1657,1693,1620,1685,99188,0.01812688821752273
2023-11-09,1673,1686,1650,1658,34203,-0.016023738872403603
2023-11-10,1658,1660,1570,1576,94586,-0.049457177322074775
2023-11-13,1580,1598,1563,1578,55836,0.0012690355329949554
2023-11-14,1571,1630,1571,1612,100477,0.02154626108998725
2023-11-15,1649,1649,1616,1640,38892,0.017369727047146455
2023-11-16,1650,1663,1625,1654,45775,0.008536585365853666
2023-11-17,1665,1668,1632,1653,54586,-0.0006045949214026347
2023-11-20,1652,1688,1652,1681,97270,0.016938898971566863
2023-11-21,1680,1697,1671,1695,83630,0.008328375966686563
2023-11-22,1679,1697,1662,1684,42870,-0.006489675516224147
2023-11-23,1688,1703,1685,1700,39180,0.009501187648456089
2023-11-24,1703,1730,1702,1728,73478,0.016470588235294015
2023-11-27,1730,1737,1683,1702,87076,-0.01504629629629628
2023-11-28,1698,2075,1686,1973,5812125,0.15922444183313744
2023-11-29,1800,1819,1736,1753,946999,-0.11150532184490625
2023-11-30,1732,1798,1700,1779,495788,0.01483171705647468
2023-12-01,1779,1790,1752,1762,267389,-0.009555930297920234
2023-12-04,1763,2065,1733,1854,3263333,0.05221339387060153
2023-12-05,1827,1840,1770,1805,283345,-0.026429341963322583
2023-12-06,1805,1895,1785,1870,423096,0.03601108033241007
2023-12-07,1842,1910,1842,1870,231674,0.0
2023-12-08,1872,1934,1862,1889,224612,0.010160427807486716
2023-12-11,1890,1993,1890,1935,380877,0.024351508734780314
2023-12-12,1935,1940,1851,1880,217700,-0.028423772609819098
2023-12-13,1860,1893,1824,1831,174175,-0.026063829787234094
2023-12-14,1835,1888,1828,1852,122461,0.011469142545057265
2023-12-15,1834,1924,1830,1864,314457,0.00647948164146861
2023-12-18,1869,1869,1835,1842,167596,-0.011802575107296098
2023-12-19,1842,1865,1827,1845,107713,0.0016286644951140072
2023-12-20,1845,1992,1831,1868,431338,0.012466124661246525
2023-12-21,1859,1860,1830,1832,136419,-0.01927194860813708
2023-12-22,1834,1835,1794,1812,159597,-0.01091703056768556
2023-12-26,1813,1900,1785,1880,255859,0.03752759381898452
2023-12-27,1880,1880,1813,1847,71045,-0.01755319148936174
2023-12-28,1847,1950,1815,1834,203785,-0.0070384407146724115
2024-01-02,1839,1850,1834,1840,141016,0.0032715376226826187
2024-01-03,1837,2045,1811,1830,3371313,-0.005434782608695676
2024-01-04,1810,1886,1782,1811,596270,-0.01038251366120213
2024-01-05,1852,1852,1782,1782,154296,-0.016013252346769757
2024-01-08,1800,1824,1790,1801,90088,0.010662177328844002
2024-01-09,1804,1822,1801,1803,56684,0.001110494169905607
2024-01-10,1815,1815,1783,1791,125679,-0.006655574043261225
2024-01-11,1791,1860,1791,1831,298887,0.022333891680625273
2024-01-12,1856,1856,1730,1757,254769,-0.040415073730202034
2024-01-15,1757,1758,1715,1741,104500,-0.009106431417188365
2024-01-16,1741,1750,1704,1721,78481,-0.01148765077541647
2024-01-17,1725,1725,1662,1670,119493,-0.029633933759442233
2024-01-18,1700,1716,1670,1704,61150,0.020359281437125842
2024-01-19,1712,1756,1712,1716,28135,0.007042253521126751
2024-01-22,1740,1740,1672,1672,81898,-0.02564102564102566
2024-01-23,1672,1709,1663,1691,60198,0.011363636363636465
2024-01-24,1700,1708,1675,1689,50075,-0.0011827321111768097
2024-01-25,1690,1692,1655,1666,32383,-0.013617525162818223
2024-01-26,1661,1700,1651,1700,62351,0.020408163265306145
2024-01-29,1699,1703,1663,1681,47626,-0.011176470588235343
2024-01-30,1681,1688,1655,1663,47317,-0.010707911957168359
2024-01-31,1663,1673,1627,1627,82209,-0.021647624774503882
2024-02-01,1653,1653,1610,1627,44554,0.0
2024-02-02,1627,1655,1620,1651,33227,0.014751075599262364
2024-02-05,1646,1646,1622,1629,52049,-0.013325257419745662
2024-02-06,1628,1634,1605,1625,57385,-0.0024554941682013443
2024-02-07,1617,1649,1617,1627,48619,0.0012307692307691465
2024-02-08,1649,1649,1623,1626,74159,-0.0006146281499692652
2024-02-13,1633,1647,1626,1638,40244,0.007380073800737907
2024-02-14,1615,1740,1615,1707,162424,0.0421245421245422
2024-02-15,1708,1728,1671,1719,77438,0.007029876977152849
2024-02-16,1717,1789,1690,1751,183038,0.018615474112856356
2024-02-19,1769,1769,1720,1726,48526,-0.014277555682467136
2024-02-20,1750,1753,1714,1728,33724,0.0011587485515642815
2024-02-21,1728,1729,1630,1708,70229,-0.01157407407407407
2024-02-22,1708,1727,1697,1698,42767,-0.005854800936768156
2024-02-23,1728,1728,1680,1687,35659,-0.006478209658421719
2024-02-26,1671,1707,1650,1670,53468,-0.010077059869590954
2024-02-27,1699,1699,1640,1640,57037,-0.017964071856287456
2024-02-28,1640,1660,1632,1640,41912,0.0
2024-02-29,1641,1655,1628,1635,28677,-0.0030487804878048808
2024-03-04,1635,1650,1548,1627,147853,-0.004892966360856232
2024-03-05,1610,1612,1580,1603,96027,-0.014751075599262475
2024-03-06,1590,1614,1580,1600,47501,-0.0018714909544603753
2024-03-07,1586,1598,1567,1583,68137,-0.010624999999999996
2024-03-08,1568,1580,1560,1566,71217,-0.010739102969046121
2024-03-11,1572,1585,1541,1576,64730,0.0063856960408683605
2024-03-12,1566,1584,1558,1575,51278,-0.0006345177664974777
2024-03-13,1614,1614,1540,1552,152534,-0.014603174603174618
2024-03-14,1541,1552,1525,1535,114692,-0.010953608247422641
2024-03-15,1530,1539,1515,1527,100504,-0.005211726384364845
2024-03-18,1527,1549,1521,1538,60569,0.007203667321545426
2024-03-19,1557,1557,1517,1538,43531,0.0
2024-03-20,1537,1538,1519,1533,64684,-0.0032509752925877766
2024-03-21,1533,1562,1532,1561,115888,0.0182648401826484
2024-03-22,1552,1650,1552,1619,211661,0.03715566944266491
2024-03-25,1615,1720,1590,1636,149281,0.01050030883261277
2024-03-26,1632,1653,1605,1605,53998,-0.018948655256723734
2024-03-27,1588,1618,1580,1600,85569,-0.0031152647975077885
2024-03-28,1590,1614,1579,1600,45770,0.0
2024-03-29,1602,1603,1540,1540,211005,-0.03749999999999998
2024-04-01,1556,1616,1538,1613,140932,0.047402597402597335
2024-04-02,1630,1630,1580,1608,44838,-0.0030998140111593298
2024-04-03,1590,1606,1573,1604,48367,-0.0024875621890547706
2024-04-04,1586,1594,1571,1588,44317,-0.009975062344139696
2024-04-05,1584,1600,1560,1574,41401,-0.008816120906801062
2024-04-08,1584,1629,1560,1569,71040,-0.0031766200762388674
2024-04-09,1572,1599,1500,1566,135268,-0.0019120458891013214
2024-04-11,1545,1598,1523,1569,44665,0.0019157088122605526
2024-04-12,1569,1589,1552,1579,36304,0.006373486297004405
2024-04-15,1549,1588,1545,1564,56624,-0.00949968334388851
2024-04-16,1562,1595,1470,1556,89240,-0.005115089514066473
2024-04-17,1556,1579,1475,1530,75408,-0.016709511568123392
2024-04-18,1530,1570,1510,1559,28849,0.018954248366013005
2024-04-19,1557,1574,1531,1541,40739,-0.011545862732520895
2024-04-22,1624,1624,1542,1558,72607,0.011031797534068799
2024-04-23,1561,1596,1551,1556,36022,-0.0012836970474967568
2024-04-24,1589,1589,1556,1560,26105,0.0025706940874035134
2024-04-25,1550,1579,1532,1532,39474,-0.017948717948717996
2024-04-26,1520,1560,1502,1502,76426,-0.019582245430809442
2024-04-29,1511,1538,1488,1500,61944,-0.0013315579227696217
2024-04-30,1486,1521,1485,1490,52853,-0.00666666666666671
2024-05-02,1490,1497,1484,1490,62923,0.0
2024-05-03,1479,1496,1473,1496,40624,0.00402684563758382
2024-05-07,1499,1510,1496,1505,36616,0.006016042780748743
2024-05-08,1505,1505,1470,1491,72360,-0.009302325581395321
2024-05-09,1488,1508,1474,1502,43600,0.007377598926894713
2024-05-10,1497,1515,1480,1499,64803,-0.001997336884154488
2024-05-13,1500,1500,1470,1495,99993,-0.0026684456304202353
2024-05-14,1480,1520,1480,1484,72301,-0.0073578595317725926
2024-05-16,1495,1500,1485,1494,31324,0.006738544474393482
2024-05-17,1489,1490,1455,1470,73119,-0.016064257028112428
2024-05-20,1476,1476,1443,1457,52981,-0.008843537414966018
2024-05-21,1463,1463,1439,1450,47601,-0.0048043925875085325
2024-05-22,1436,1449,1400,1449,49609,-0.0006896551724138167
2024-05-23,1449,1459,1443,1449,23685,0.0
2024-05-24,1421,1447,1421,1435,28627,-0.009661835748792313
2024-05-27,1435,1440,1409,1418,43665,-0.01184668989547033
2024-05-28,1438,1438,1419,1419,49136,0.0007052186177716191
2024-05-29,1425,1425,1415,1419,47261,0.0
2024-05-30,1419,1419,1398,1404,63925,-0.010570824524312905
2024-05-31,1363,1405,1358,1373,112881,-0.022079772079772075
2024-06-03,1373,1398,1304,1375,142908,0.0014566642388929019
2024-06-04,1395,1408,1375,1395,38191,0.014545454545454639
2024-06-05,1397,1410,1389,1404,63816,0.006451612903225712
2024-06-07,1410,1420,1375,1399,74733,-0.0035612535612535856
2024-06-10,1399,1410,1377,1400,67479,0.0007147962830593713
2024-06-11,1400,1429,1383,1402,53841,0.0014285714285713347
2024-06-12,1419,1419,1390,1406,42421,0.0028530670470756636
2024-06-13,1406,1419,1388,1397,18778,-0.006401137980085347
2024-06-14,1395,1397,1372,1392,15293,-0.0035790980672870676
2024-06-17,1381,1392,1364,1370,34203,-0.015804597701149392
2024-06-18,1364,1364,1320,1330,59405,-0.029197080291970767
2024-06-19,1330,1332,1316,1330,68966,0.0
2024-06-20,1330,1330,1322,1324,24337,-0.004511278195488688
2024-06-21,1324,1390,1315,1327,38681,0.0022658610271903967
2024-06-24,1327,1360,1316,1318,16912,-0.0067822155237377
2024-06-25,1318,1332,1300,1320,30508,0.0015174506828528056
2024-06-26,1332,1332,1310,1323,16503,0.002272727272727204
2024-06-27,1329,1334,1305,1306,51275,-0.012849584278155746
2024-06-28,1306,1314,1240,1307,74728,0.0007656967840734552
2024-07-01,1307,1328,1290,1328,48334,0.016067329762815552
2024-07-02,1329,1344,1313,1313,31936,-0.011295180722891596
2024-07-03,1305,1305,1276,1281,53001,-0.02437166793602441
2024-07-04,1284,1319,1269,1276,57003,-0.0039032006245121043
2024-07-05,1292,1310,1271,1273,83239,-0.0023510971786834256
2024-07-08,1295,1295,1272,1290,41178,0.01335428122545168
2024-07-09,1312,1337,1283,1312,36691,0.01705426356589146
2024-07-10,1323,1323,1300,1315,21253,0.0022865853658535773
2024-07-11,1315,1319,1301,1316,21700,0.0007604562737641984
2024-07-12,1302,1316,1291,1302,26616,-0.010638297872340385
2024-07-15,1291,1322,1290,1306,18742,0.003072196620583778
2024-07-16,1307,1322,1260,1296,25945,-0.007656967840735107
2024-07-17,1292,1299,1290,1296,29631,0.0
2024-07-18,1285,1319,1230,1269,84347,-0.02083333333333337
2024-07-19,1250,1277,1250,1270,45522,0.0007880220646176994
2024-07-22,1269,1269,1240,1240,52909,-0.023622047244094446
2024-07-23,1236,1278,1220,1232,66947,-0.006451612903225823
2024-07-24,1261,1261,1229,1234,38003,0.0016233766233766378
2024-07-25,1232,1232,1200,1209,61394,-0.02025931928687197
2024-07-26,1207,1212,1200,1210,33373,0.0008271298593878207
2024-07-29,1207,1235,1199,1210,38365,0.0
2024-07-30,1215,1215,1167,1189,65573,-0.017355371900826477
2024-07-31,1170,1184,1154,1156,70660,-0.027754415475189198
2024-08-01,1157,1179,1157,1169,39508,0.011245674740484324
2024-08-02,1167,1189,1140,1175,68862,0.0051325919589393365
2024-08-05,1175,1175,914,1010,140081,-0.1404255319148936
2024-08-06,971,1313,971,1120,2351242,0.10891089108910901
2024-08-07,1100,1107,1050,1099,212463,-0.018750000000000044
2024-08-08,1099,1099,1053,1064,111355,-0.031847133757961776
2024-08-09,1057,1106,1051,1072,137889,0.007518796992481258
2024-08-12,1072,1088,1060,1073,59634,0.000932835820895539
2024-08-13,1061,1073,1054,1070,68162,-0.002795899347623476
2024-08-14,1070,1189,1070,1139,353451,0.06448598130841132
2024-08-16,1143,1241,1110,1175,320418,0.03160667251975413
2024-08-19,1175,1236,1167,1183,177434,0.006808510638297793
2024-08-20,1183,1220,1151,1195,110424,0.010143702451394843
2024-08-21,1201,1209,1168,1197,52080,0.0016736401673640433
2024-08-22,1201,1203,1105,1177,89482,-0.01670843776106934
2024-08-23,1154,1199,1154,1187,33950,0.008496176720475868
2024-08-26,1180,1212,1160,1162,41597,-0.021061499578770015
2024-08-27,1151,1178,1141,1166,25204,0.0034423407917383297
2024-08-28,1154,1176,1145,1161,16955,-0.004288164665523175
2024-08-29,1161,1169,1149,1160,16269,-0.0008613264427217437
2024-08-30,1177,1210,1150,1193,34229,0.028448275862068995
2024-09-02,1193,1220,1182,1200,63252,0.005867560771165126
2024-09-03,1211,1260,1179,1186,162590,-0.011666666666666714
2024-09-04,1184,1190,1150,1186,54566,0.0
2024-09-05,1175,1195,1162,1164,21476,-0.018549747048903886
2024-09-06,1195,1195,1132,1132,36125,-0.027491408934707917
2024-09-09,1136,1136,1055,1102,60928,-0.026501766784452263
2024-09-10,1102,1146,1070,1083,30930,-0.017241379310344862
2024-09-11,1126,1126,1071,1084,27237,0.0009233610341643494
2024-09-12,1118,1118,1081,1081,5780,-0.002767527675276771
2024-09-13,1094,1094,1067,1074,17989,-0.00647548566142464
2024-09-19,1075,1117,1074,1089,30423,0.013966480446927276
2024-09-20,1082,1125,1082,1090,30632,0.0009182736455464191
2024-09-23,1109,1109,1082,1084,18043,-0.0055045871559632475
2024-09-24,1084,1130,1080,1129,84975,0.04151291512915134
2024-09-25,1139,1150,1120,1131,91218,0.001771479185119551
2024-09-26,1122,1176,1122,1171,88610,0.03536693191865603
2024-09-27,1163,1217,1156,1211,92001,0.03415883859948754
2024-09-30,1211,1235,1203,1232,101100,0.01734104046242768
2024-10-02,1223,1263,1201,1259,100858,0.0219155844155845
2024-10-04,1245,1273,1236,1243,111273,-0.012708498808578272
2024-10-07,1254,1260,1209,1236,43834,-0.005631536604987941
2024-10-08,1240,1262,1220,1243,60092,0.005663430420711935
2024-10-10,1260,1260,1229,1258,38908,0.012067578439259874
2024-10-11,1262,1262,1220,1236,133317,-0.01748807631160576
2024-10-14,1239,1245,1224,1231,30273,-0.004045307443365731
2024-10-15,1230,1245,1227,1240,25255,0.007311129163281915
2024-10-16,1243,1243,1204,1235,64771,-0.0040322580645161255
2024-10-17,1222,1236,1211,1211,56425,-0.019433198380566785
2024-10-18,1225,1225,1180,1180,58107,-0.025598678777869477
2024-10-21,1195,1199,1152,1183,9957,0.0025423728813558366
2024-10-22,1194,1194,1160,1168,13843,-0.012679628064243498
2024-10-23,1168,1173,1145,1160,16957,-0.006849315068493178
2024-10-24,1148,1155,1121,1139,10620,-0.018103448275862077
2024-10-25,1138,1138,1124,1124,17790,-0.013169446883230851
2024-10-28,1124,1144,1116,1133,16508,0.008007117437722311
2024-10-29,1145,1150,1119,1125,35622,-0.007060900264783787
2024-10-30,1119,1130,1119,1126,13565,0.000888888888888939
2024-10-31,1125,1127,1115,1117,17358,-0.007992895204262829
2024-11-01,1117,1123,1100,1109,21333,-0.0071620411817368
2024-11-04,1109,1158,1106,1158,44843,0.044183949504057685
2024-11-05,1148,1164,1141,1159,28122,0.0008635578583764403
2024-11-06,1157,1169,1156,1157,36838,-0.0017256255392580355
2024-11-07,1152,1158,1147,1157,18204,0.0
2024-11-08,1134,1153,1130,1150,18535,-0.006050129645635227
2024-11-11,1130,1142,1102,1141,70811,-0.00782608695652176
2024-11-12,1139,1139,1040,1090,153741,-0.04469763365468882
2024-11-13,1076,1090,1057,1057,42807,-0.03027522935779814
2024-11-14,1056,1120,1048,1061,34837,0.0037842951750235443
2024-11-15,1050,1090,1050,1064,36297,0.002827521206409056
2024-11-18,1055,1090,1055,1067,20451,0.0028195488721804995
2024-11-19,1073,1074,1060,1060,20362,-0.006560449859418949
2024-11-20,1060,1074,1059,1063,15198,0.002830188679245227
2024-11-21,1055,1069,1046,1048,19226,-0.01411100658513642
2024-11-22,1046,1058,1040,1047,39235,-0.000954198473282486
2024-11-25,1047,1085,1047,1069,68830,0.021012416427889313
2024-11-26,1078,1082,1045,1061,38783,-0.007483629560336769
2024-11-27,1061,1076,1057,1070,33693,0.008482563619227168
2024-11-28,1069,1108,1069,1101,39580,0.028971962616822333
2024-11-29,1101,1101,1070,1071,31361,-0.027247956403269713
2024-12-02,1073,1088,1056,1056,17487,-0.014005602240896309
2024-12-03,1055,1085,1055,1063,23008,0.006628787878787845
2024-12-04,1027,1061,1027,1028,35431,-0.03292568203198498
2024-12-05,1028,1036,949,1007,92291,-0.020428015564202373
2024-12-06,995,1007,981,995,85222,-0.011916583912611745
2024-12-09,971,1040,958,982,51317,-0.013065326633165841
2024-12-10,937,1024,937,999,55107,0.01731160896130346
2024-12-11,1040,1040,1007,1018,58406,0.019019019019018923
2024-12-12,1018,1029,1015,1027,77871,0.008840864440078589
2024-12-13,1027,1058,1022,1054,47431,0.02629016553067176
2024-12-16,1075,1270,1055,1136,1048415,0.07779886148007598
2024-12-17,1151,1159,1131,1158,115978,0.01936619718309851
2024-12-18,1158,1197,1130,1189,115786,0.02677029360967187
2024-12-19,1189,1197,1151,1189,98836,0.0
2024-12-20,1197,1217,1141,1141,131168,-0.04037005887300249
2024-12-23,1195,1195,1152,1160,105392,0.016652059596844904
2024-12-24,1175,1177,1120,1170,53441,0.008620689655172376
2024-12-26,1167,1190,1121,1142,66185,-0.023931623931623958
2024-12-27,1140,1141,1053,1060,125886,-0.07180385288966729
2024-12-30,1058,1073,1012,1033,59124,-0.025471698113207597
2025-01-02,1047,1050,1025,1042,44129,0.00871248789932233
2025-01-03,1042,1068,1033,1054,43944,0.011516314779270731
2025-01-06,1054,1073,1050,1058,46119,0.00379506641366234
2025-01-07,1065,1073,1056,1059,20531,0.000945179584120881
2025-01-08,1061,1093,1050,1057,34201,-0.0018885741265344258
2025-01-09,1060,1069,1030,1031,96623,-0.024597918637653704
2025-01-10,1030,1061,1030,1037,48329,0.005819592628516057
2025-01-13,1045,1058,1016,1021,35936,-0.015429122468659573
2025-01-14,1031,1102,1031,1047,46807,0.025465230166503483
2025-01-15,1038,1075,1038,1047,32101,0.0
2025-01-16,1046,1060,1036,1041,20841,-0.005730659025787954
2025-01-17,1043,1060,1036,1045,52999,0.003842459173871271
2025-01-20,1045,1058,1027,1040,30600,-0.004784688995215336
2025-01-21,1040,1045,1029,1038,11485,-0.0019230769230769162
2025-01-22,1034,1043,1026,1039,25717,0.0009633911368014392
2025-01-23,1041,1041,1018,1018,44586,-0.0202117420596728
2025-01-24,1019,1029,1007,1014,43274,-0.003929273084479323
2025-01-31,1014,1017,991,1000,48760,-0.013806706114398382
2025-02-03,994,1000,970,976,47217,-0.02400000000000002
2025-02-04,966,971,913,913,202314,-0.06454918032786883
2025-02-05,923,948,923,948,77549,0.0383351588170866
2025-02-06,949,956,939,953,50479,0.0052742616033756295
2025-02-07,945,946,936,939,26406,-0.014690451206715638
2025-02-10,935,936,926,936,47324,-0.0031948881789137795
2025-02-11,926,935,920,925,65084,-0.01175213675213671
2025-02-12,915,927,907,908,68589,-0.018378378378378413
2025-02-13,908,916,885,890,125423,-0.01982378854625555
2025-02-14,894,899,889,894,64670,0.004494382022471877
2025-02-17,895,897,879,887,103568,-0.007829977628635354
2025-02-18,888,888,858,859,174637,-0.031567080045095786
2025-02-19,860,875,834,847,176782,-0.01396973224679865
2025-02-20,847,914,847,894,304579,0.05548996458087374
2025-02-21,907,907,881,888,80321,-0.006711409395973145
2025-02-24,888,914,885,903,58336,0.016891891891891886
2025-02-25,903,915,896,905,62681,0.00221483942414169
2025-02-26,896,905,888,888,38374,-0.018784530386740328
2025-02-27,891,891,884,888,16333,0.0
2025-02-28,885,890,880,884,17526,-0.0045045045045044585
2025-03-04,881,881,848,862,76992,-0.02488687782805432
2025-03-05,855,862,848,849,47265,-0.015081206496519672
2025-03-06,849,859,839,841,37965,-0.009422850412249661
2025-03-07,845,849,831,849,76450,0.009512485136742077
2025-03-10,849,849,828,836,68695,-0.01531213191990577
2025-03-11,833,836,780,826,61986,-0.011961722488038284
2025-03-12,820,848,814,842,26025,0.01937046004842613
2025-03-13,845,845,835,842,23189,0.0
2025-03-14,839,845,835,836,24672,-0.0071258907363420665
2025-03-17,833,848,831,836,19425,0.0
2025-03-18,839,840,821,833,33170,-0.0035885167464114742
2025-03-19,832,837,819,825,37399,-0.009603841536614643
2025-03-20,820,829,799,799,99291,-0.031515151515151496
2025-03-21,808,828,799,805,46734,0.007509386733416834
2025-03-24,805,810,797,805,15700,0.0
2025-03-25,810,810,790,799,32411,-0.007453416149068359
2025-03-26,794,805,783,793,28205,-0.007509386733416723
2025-03-27,781,790,775,780,49145,-0.016393442622950838
2025-03-28,779,781,770,773,27507,-0.008974358974358942
2025-03-31,738,780,738,777,36096,0.005174644243208348
2025-04-01,770,815,762,808,59550,0.039897039897039965
2025-04-02,818,820,788,792,44563,-0.01980198019801982
2025-04-03,779,788,770,781,40336,-0.01388888888888884
2025-04-04,779,781,757,779,68964,-0.002560819462227859
2025-04-07,800,800,751,752,37167,-0.03465982028241332
2025-04-08,752,763,746,754,34748,0.0026595744680850686
2025-04-09,754,765,749,750,35273,-0.0053050397877983935
2025-04-10,757,789,755,777,34930,0.03600000000000003
2025-04-11,777,800,777,799,38274,0.028314028314028405
2025-04-14,800,809,791,795,25095,-0.005006257822277815
2025-04-15,799,805,793,804,29161,0.01132075471698113
2025-04-16,799,823,799,822,40047,0.02238805970149249
2025-04-17,801,822,801,819,74416,-0.0036496350364964014
2025-04-18,822,822,809,817,35768,-0.0024420024420024333
2025-04-21,811,820,805,810,15188,-0.008567931456548328
2025-04-22,810,818,810,813,38437,0.0037037037037037646
2025-04-23,813,823,810,813,21801,0.0
2025-04-24,813,820,813,818,24276,0.006150061500614923
2025-04-25,822,823,803,803,47559,-0.01833740831295838
2025-04-28,804,820,804,820,39418,0.021170610211706187
2025-04-29,820,829,820,821,19435,0.0012195121951219523
2025-04-30,830,830,801,812,108463,-0.010962241169305775
2025-05-02,812,829,812,827,34197,0.018472906403940836
2025-05-07,828,831,818,830,12591,0.0036275695284160303
2025-05-08,830,846,830,841,81700,0.013253012048192847
2025-05-09,841,850,821,831,50298,-0.01189060642092743
2025-05-12,831,831,817,817,63955,-0.016847172081829176
2025-05-13,836,836,800,801,98841,-0.019583843329253336
2025-05-14,813,827,813,826,48675,0.03121098626716612
2025-05-15,826,841,826,841,42579,0.018159806295399594
2025-05-16,841,864,829,856,97166,0.017835909631391145
2025-05-19,856,888,856,888,124097,0.03738317757009346
2025-05-20,888,898,885,885,86125,-0.0033783783783783994
2025-05-21,886,899,883,890,35291,0.005649717514124353
2025-05-22,894,901,890,901,63825,0.012359550561797716
2025-05-23,901,904,887,887,32997,-0.015538290788013276
2025-05-26,887,888,859,871,53024,-0.018038331454340528
2025-05-27,871,893,871,892,33905,0.024110218140068973
2025-05-28,892,897,881,889,44679,-0.0033632286995515237
2025-05-29,889,894,877,877,50847,-0.013498312710911176
2025-05-30,877,884,869,880,35159,0.003420752565564511
2025-06-02,883,892,881,891,41415,0.012499999999999956
2025-06-04,892,919,891,916,44861,0.02805836139169471
2025-06-05,919,945,919,943,104201,0.029475982532751077
2025-06-09,950,1019,950,1012,236371,0.07317073170731714
2025-06-10,1000,1188,992,1058,1943905,0.045454545454545414
2025-06-11,1058,1060,980,1035,323678,-0.021739130434782594
2025-06-12,1025,1119,1004,1090,334557,0.0531400966183575
2025-06-13,1089,1193,1075,1100,425815,0.00917431192660545
2025-06-16,1054,1126,1040,1094,166604,-0.00545454545454549
2025-06-17,1075,1092,1003,1059,150236,-0.03199268738574035
2025-06-18,1050,1057,1014,1036,70715,-0.02171860245514634
2025-06-19,1036,1118,1010,1085,192606,0.04729729729729737
2025-06-20,1085,1410,1085,1410,2119702,0.29953917050691237
2025-06-23,1510,1585,1425,1447,6621945,0.026241134751773032
2025-06-24,1456,1550,1300,1331,2157721,-0.08016586040082929
2025-06-25,1331,1350,1275,1284,457939,-0.03531179564237419
2025-06-26,1266,1284,1205,1239,513614,-0.03504672897196259
2025-06-27,1224,1292,1224,1261,387759,0.0177562550443906
2025-06-30,1250,1292,1223,1290,391891,0.022997620935765184
